0.161
0.161
0.16
0.159
0.16
0.161
0.162
0.162
0.162
0.163
0.163
0.162
0.161
0.16
0.16
0.161
0.16
0.699
0
0
0
0
0
0
0
0
0
0
0
0
0
0
0
0
0
0
0
0
0
0
0
0
0
0
0
0.01
0.112
0.386
1.567
0
0
0
0
0
0
0
0
0
0
0
0
0
0
0
0
0
0
0
0
0
0
0
0
0
0
0
0
0
0
0
0
0
0
0
0
0
0
0
0
0
0
0
0
0.014
0
0
0
1.308
0
0
0
0
0
0
0
0
0
0
0
0
0
0
0.96
1.011
0
0
0
0
0
0
0
0
0
0
0
0
0
0
0
0.01
0.001
0
0
0
0
0
0
0
0
0
0.001
0.101
0.001
0
0
0
0
0
0
0
0
0
0
0
0
0
0
0
0
0
0
0
0
0
0
0
0
0
0
0
0
0
0
0
0
0
0
0
0
0
0
0
0
0
0
0.013
0
0.019
1.071
0.12
0.181
0.014
0
0
0
0
0
0
0
0
0
0
0
0
0
0
0
0
0
0
0
0
0
0
0
0
0
0
0
0
0
0
0
0
0
0
0
0.03
0
0
0
0
0
1.164
0
0
0
0.003
0
0
0
0
0
0
0
0
0
0
0
0
0
0
0
0
0
0
0
0
0.672
0.039
0.092
0.876
0
0.001
0.004
0.006
0
0
0
0
0
0
0
0
0.027
0.005
0
0
0.05
0.066
0.068
0.13
1.566
0.041
0
0.138
0.258
0.255
0.35
0.255
0.082
0
0
0
0
0
0
0
0
0
0
0
0
0
0
0
0
0
0
0
0
0
0
0
0
0
0
0
0
0
0.016
0
0
0
0
0
0.018
0
0
0
0
0.015
0.058
0.062
1.05
0.013
0
0
0
0
0
0
0
0
0
0
0
0
0
0
0
0
0
0
0
0
0
0
0
0
0
0
0
0
0
0
0
0
0
0
0
0
0
0
0
0.023
0
0
0
0
0.1
1.096
0
0
0
0
0
0
0
0
0
0
0
0
0
0
0
0
0
0
0
0
0
0
0
0
0
0
0
0
0
0
0
0
0
0
0
0
0
0.018
0.003
0
0
0
0
0
0.092
0.072
0.128
0.079
0.123
0.129
1.601
0
0
0
0
0
0
0
0
0
0
0
0
0
0
0.992
0.283
0.509
0
0
0
0
0
0
0
0
0
0
0
0
0
0
0.015
0
0
0
0
0
0
0.01
0
0
0
0.009
0.068
0.249
0.25
0.106
0.981
0.012
0
0
0
0
0
0
0
0
0
0
0
0
0
0
0
0
0
0
0
0
0
0
0
0
0
0
0
0
0
0.004
0
0
0
0
0
0
0
0
0
0
0
0
0
0
0.001
0.981
0.083
0
0
0
0
0
0
0
0
0
0
0
0
0
0
0
0
0
0.939
0
0
0
0
0
0
0
0
0
0
0
0
0
0
0
0
0
0
0
0
0
0
0
0.729
0.197
0.005
0
0
0
0.001
0
0
0
0
0
0
0
0
0
0
0
0
0
0
0
0
0
0
0
0
0
0
0
0
0
0
0
0
0
0
0
0.952
0
0
0
0
0
0
0
0
0
0.053
0.021
0
0
0
0
0
0
0
0
0
0
0
0
0
0
0
0
0
0
0
0
0
0
0
0
0
0
0
0
0
0
0
0
0
0
0
0
0
0
0
0
0
0
0
0
0
0
0.01
0.717
0
0
0.178
0.157
0
0
0
0
0
0
0
0
0
0
0
0
0
0
0
0
0
0
0
0
0
0
0
0
0
0
0
0
0
0
0
0
0
0
0
0
0
0
0
0
0
0.018
0.063
0.07
0.052
0
0
0
0
0
0
0
0
0
0
0
0
0
0
0
0
0
0
0
0.504
0
0
0
0
0
0
0
0
0
0
0
0
0
0
0
0
0
0.009
0
0
0
0
0
0
0
0
0
0.45
0.43
0
0
0
0
0
0
0
0
0
0
0
0
0
0
0
0
0
0
0
0.509
0
0
0
0
0
0
0
0
0
0
0
0
0
0
0
0
0
0.005
0.008
0.769
0.405
0.009
0.243
0.295
0.379
1.918
0.565
0.253
0.26
0.21
0
0
0
0
0
0
0
0
0
0
0
0
0
0
0
0
0
0
0.001
0.023
0
0
0
0
0.179
0.222
0.22
0.22
0.219
0.086
1.162
0
0
0
0
0
0
0
0
0
0
0
0
0.004
0.726
0.75
1.048
0
0.001
0
0
0
0
0
0
0
0
0
0
0
0
0
0
0
0
0
0
0
0
0
0
0
0
0
0
0
0
0
0
0
0
0
0.037
0
0
0
0
0
0
0.025
0.064
1.197
0.121
0.207
0.084
0
0.02
0
0
0
0
0
0
0
0
0
0
0
0
0
0
0
0
0.104
1.041
0
0.179
0.004
0
0
0.451
0
0
0
0
0
0
0
0
0
0
0.002
0
0
0
0
0
0
0
0
0.362
1.147
0
0
0
0
0
0
0
0
0
0
0
0
0
0
0
0
0
0
0
0
0
0
0
0
0
0
0
0
0
0
0
0
0
0
0
0
0
0
0
0
0.061
0.064
0.104
0.064
0.189
0.246
0.245
0.248
1.281
0
0
0
0
0
0
0
0
0
0
0
0
0
0
0
0
0
0
0
0.005
0.001
0
0
0
0
0
0
0
0
0
0
0
0
0
0
0
0
0
0
0
0
0
0
0
0.043
0.122
0.12
0.119
0.157
1.008
0
0
0
0
0
0
0
0
0
0
0
0
0
0
0
0
0
0
0
0
0
0
0
0
0
0
0
0
0
0
0
0
0
0
0
0
0
0
0.004
0
0.005
0.062
0.163
0.254
0.251
0.252
0.272
0.35
0.013
0
0
0
0
0
0
0
0
0
0
0
0
0
0
0
0
0
0.003
0
0
0
0
0
0
0
0
0
0
0
0
0
0
0
0
0
0
0
0
0.014
0
0.09
1.315
0.119
0.111
0.009
0
0
0
0
0
0
0
0
0
0
0
0
0
0
0
0
0
0
1.392
0
0
0
0
0
0
0
0.84
0
0.092
0.008
0
0
0
0
0
0.067
0
0
0
0
0
0
0
0
0
1.332
0.25
1.06
0.006
0
0
0
0
0
0
0
0
0
0
0
0
0
0
0
0
0
0
0
0
0
0
0
0.027
0
0
0
0
0
0
0
0
0.076
0
0
0
0
0
0
0
0
0
0
0
0.016
0.019
0
0
0
0
0
0
0
0
0
0
0
1.07
0
0
0
0
0
0
0
0
0.004
0.332
0
0
0
0
0
0
0
0
0
0
0
0
0
0
0
0
0
0
0
0
0
0
0
0
0.002
0.109
0.251
0.083
0
0
0
0
0
0
0
0
0
0
0
0
0
0
0
0
0
0
0.012
0
0
0
0
0
0
0
0
0
0
0
0.008
0
0
0
0
0
0
0.016
1.111
0.055
0.059
0.005
0.159
1.204
0.38
0.402
0.415
0.365
0.157
0.107
0.108
0.107
0.107
0.107
0.108
0.108
0.108
0.108
0.108
0.106
0.107
0.106
0.107
0.107
0.106
0.088
0
1.12
0.305
0
0
0
0
0
0
0
0
0
0
0
0
0
0
0
0
0
0.003
0.216
0.161
0.064
0.062
0.07
0.126
0.128
0.12
1.216
0
0
0
0
0
0
0
0
0
0
0
0
0
0
0
0
0
0.011
0
0.002
0
0
0
0
0
0
0
0
0
0
0
0
0
0
0
0
0
0
0
0
0
0
1.168
0.847
0.123
0.267
0.063
0.104
0
0.011
0
0
0
0
0
0
0
0
0
0
0
0
0
0
1.68
0
0.908
0.023
0
0
0
0
0
0
0
0
0
0
0
0
0
0
0.026
0.001
0
0
0
0
0
1.055
0.007
0.112
0.119
0.117
1.472
0
0
0
0
0
0
0
0
0
0
0
0
0
0
0
0
0
0
0
0.024
0.008
0
0
0
0.297
0.056
0
0
0
0
0
0
0
0
0
0
0
0
0
0.001
0.033
0.37
1.551
0.307
0.3
0.276
0.226
0.019
0.007
0
0.074
0
0
0
0
0
0
0
0
0
0
0
0
0
0
0
0
0.827
0.002
0
0
0
0
0.279
0
0
0
0
0
0
0
0
0
0
0
0
0
0.938
0.02
0
0
0.001
0
1.225
0.107
0.065
0.101
0.099
0.105
0.036
0
0
0
0
0
0
0
0
0
0
0
0
0
0
0
0
0.017
0.003
0
0
0
0
0
0
0
0
0
0
0
0
0
0
0
0.833
0.024
0.056
0
0
0.262
0.863
0.003
0
0
0
0.008
0.001
0
0.113
0.129
0.073
0
0
0
0
0.47
0
0
0
0
0
0
0
0
0.161
1.213
0
0
0
0
0
0
0
0
0
0
0
0
0
0
0
0
0
0
0
0
0
0.002
0.103
0.029
1.138
0
0
0
0
0
0
0
0
0
0
0
0
0
0
0
0
0
0
0
0
0
0
0.998
0
0
0
0.373
0
0
0
0
0
0
0
0
0
0
0
0
0.001
0
0
0
0
0.159
1.201
0.071
0.125
1.312
0.069
0.006
0
0
0
0
0
0
0
0
0
0
0
0
0
0
0
0
0
0
0.001
0.009
0
0
0
0
0
0
0
0
0
0
0
0
0
0
0
0.019
0
1.169
0.181
0.001
0
0
0
0
0
0
0
0
0
0
0
0
0
0
0
0
0
0
0
0
0
0
0
0
0
0
0
0.007
0
0
0
0
0
0
0
0
0.054
0
0.22
0
0
0
0.014
0
0
0
0
0
0
0.181
1.116
0.208
0.227
1.056
0.013
0
0
0
0
0
0
0
0
0
0
0
0
0
0
0
0
0
0
0
0
0.048
0.693
0
0.334
0
0
0
0
0
0
0
0
0
0
0
0
0
0
0
0
0
0
0.348
1.202
0.215
0.218
0.286
0.191
0.017
0
0
0
0
0
0
0
0
0
0
0
0
0
0
0
0
0
0
0.016
0.333
0.145
0
0
0
0
0
0
0
0.292
0
0
0.011
0
0
0
0
0
0
0
0
1.024
0.123
0.266
0.247
0.249
0.253
0.246
0.022
0
0
0
0
0
0
0
0
0
0
0
0
0
0
0
0
0
0
0
0
0
0
0
0
0.02
0
0
0
0
0
0
0
0
0
0
0.013
0.029
0
0
0
0
0
0.104
0.117
0.12
0.125
0.121
0.116
0.116
0.114
0.993
0
0
0
0
0
0
0
0
0
0
0
0
0
0
0
0
0
0
0
0
0
0
0
0
0
0
0
0.014
0
0
0
0
0
0
0
0
0
0
0
0
0.008
1.152
0
0
0.006
0
0
0
0
0
0
0
0
0
0
0
0
0
0
0
0
0
0
0
0
0
0
0
0
0
0
0
0
0
0
0.001
0
0
0
0
0
0
0
0
0
0.001
0
0.013
0.958
0.117
0.094
0.008
0
0
0
0
0
0
0
0
0
0
0
0
0
0
0
0
0
0
0
0
0.032
0
0
0
0
0
0
0
0.015
0
0
0
0
0
0.059
0
0
0
0
0
0
0.005
0.023
0.095
0.122
0.12
0.15
0.134
0
0
0
0
0
0
0
0
0
0
0
0
0
0
0
0
0.98
0
0
0.014
0.009
0
0
0
0
0
0.021
0
0
0
0
0
0
0
0
0
0
0
0
0
0
0.4
0.814
0.213
0.212
0.214
0.215
0.049
0
0
0
0
0
0
0
0
0
0
0
0
0
0
0
0
0
0
0.343
0
0
0
0
0
0
0
0
0
0
0
0
0
0
0
0
0
0
0.012
0
0
0.58
0.797
0.002
0
0.03
0.101
0
1.043
0
0
0
0
0
0
0
0
0
0
0
0
0
0
0
0
0
0
0
1.37
0.034
0.345
0.14
0
0
0
0
0.335
0.023
0
0
0
0
0
0
0
0
0
0
0
0.854
0.195
0
0
0
0.248
1.298
0
0
0
0
0
0
0
0
0
0
0
0
0
0
0
0
0
0
0
0
0
0
0
0.016
0
0
0
0
0
0
0
0
0
0
0
0
0
0
0
0
0
0
0
0.928
0.14
0.008
1.267
0.237
0
0
0
0
0
0
0
0
0
0
0
0
0
0
0
0
0
0
0
0
0
0
0
0
0
0
0
0
0
0
0
0
0
0
0
0
0
0
0
0
0
0
0.154
0.94
0
1.538
0.039
0
0
0
0
0
0
0
0
0
0
0
0
0
0
0
0
0
0
0
0
0
0
0
0
0
0
0
0
0
0
0
0
0
0
0
0
0
0.015
0
0
0
0
0.017
0
0
0
1.021
0
0
0
1.3
0.001
0
0
0
0
0
0
0
0
0
0
0
0
0
0
0
0
0
0
0
0
0
0
0
0
0
0
0
0
0
0
0
0
0
0
0
0
0.889
0.01
0.065
0.064
0.367
0.279
0.248
0.28
1.414
0.03
0
0
0
0
0
0
0
0
0
0
0
0
0
0
0
0
0
0
0
0
0.035
0
0
0
0
0
0
0
0
0
0
0
0
0
0
0
0
0
0
0
0.012
0
0
0
0.996
0.212
1.275
0
0.007
0
0
0
0
0
0
0
0
0
0
0
0
0
0
0
0
0
0
0
0.018
0
0
0
0.002
0
0
0
0
0
0
0
0
0
0
0
0
0
0.033
0
0
0.005
1.06
0
0
0
0
0.081
0.935
0
0
0
0
0
0
0
0
0
0
0
0
0
0
0
0
0
0
0
0
0
0
0
0
0
0
0
0
0
0
0
0.042
0
0
0
0
0.741
0
0
0
0
0
0
0
0.018
0
0
0.006
0
0
0
0
0
0
0
0
0
0
0
0
0
0
0.006
0.328
0
0
0.993
0
0
0
0
0
0
0
0
0
0
0.854
0
0
0
0
0.049
0.014
0
0.052
0.045
0.161
0.214
0.124
0.131
1.133
0
0
0
0
0
0
0
0
0
0
0
0
0
0
0
0
0
0
0
0
0
0
1.08
0.001
0
0
0
0
0.012
0.002
0
0
0
0
0
0
0
0
0
0
0
0
0.019
0
0
0
0.155
0.152
0.146
0.117
0.004
0
0
0
0
0
0
0
0
0
0
0
0
0
0
0
0
0
0
0
0
0
0
0
0
0
0
0
0
0
0
0
0
0
0
0
0
0
0
0
0
0
0
0
1.202
0.026
0.303
0.044
0
0
0
0
0
0
0
0
0
0
0
0
0
0
0
0
0
1.066
0
0
0
0
0
0
0
0
0
0
0
0
0
0
0
0
0.557
0.571
0
0
0
0
0
0
0
0.01
0
0
0
0
0
0
0
0
0
0
0
0
0
0
0
0
0
0
0
0
0
0
1.231
0
0.005
0
0
0
0
0
0
0
0
0
0
0
0
0
0
0
0
0
0
0
0
0
0
0
0
0
0.204
0.221
1.034
1.004
0.188
0
0
0
0
0
0
0
0
0
0
0
0
0
0
0
0
0
0.016
0.012
0
0
0
0
0
0
0
0
0.001
0
0
0
0
0
0.015
0.021
0.011
0.011
0.011
0.011
0.011
0.083
0.273
1.1
0.128
0.123
0.726
1.612
0.026
0
0
0
0
0
0
0
0
0
0
0
0
0
0
0
0
0
0
0
0
0
0
0
0
0
0
0.056
0.216
0.008
0
0
0
0
0
1.022
0.872
0
0
0
0.062
0.126
0.14
0.07
0
0
0
0.003
0
0
0
0
0
0
0
0
0
0
0
0
0
0
0
0
0
0
0
0
0
0.005
0.267
0
0
0
0
0
0
0
0
0
0
0.029
0
0.021
0.064
0.025
0.645
0.506
0
0.129
0.337
0.371
0.8
0.759
0.01
0
0
0
0
0
0
0
0
0
0
0
0
0
0
0
0
0
0
0.012
0.01
0.011
0
0
0
0
0.034
0
0
0
0
0
0
0
0
0
0
0
0
0
0
0
0
0
0
0
0
0.008
0
0
0
0
0
0
0
0
0
0
0
0
0
0
0
0
0
0
0
0
0.017
0.021
0
0.001
0.015
0
0.166
0
0
0
0
0
0
0
0
0
0
0
0
0
0.003
0.018
0.023
0.137
0.41
0.336
0.273
0.161
0.034
0
0
0
0
0
0
0.001
0
0
0
0
0
0
0
0
0
0
0
0
0
0.004
0.008
0
0
0
1.101
0.444
0
0.132
0
0
0
0
0.01
0
0
0
0
0
0
0.012
0.22
0.219
0.222
0.22
0.099
0
0
0
0.004
0.004
0
0
0
0
0
0
0
0
0
0
0
0
0
0
0.722
0
0
0
0
0
0
0
0
0
0
0.004
0
0.015
0.027
0
0
0.05
0.066
0.066
1.256
0
0
0
0
0
0
0
0
0.002
0
0
0
0
0
0
0
0
0
0
0
0
0
0
0
0.002
0
0
0.723
0.006
0.003
0
0
0
0
0
0
0.005
0
0.003
0.009
0
0
0
0
0.059
0.001
0
0.008
0.065
0.029
0.151
1.094
0.105
0.222
0.219
0.222
0.223
0.094
1.1
0
0
0
0
0
0
0
0
0
0
0
0
0
0
0
0
0
0
0
0.006
0
0
0
0
0
0.424
0.904
0.409
0
0
0
0
0
0
0
0
0
0
0
0
0.226
0.951
0.119
0.124
0.125
0.124
0.067
0.065
0.035
0
0
0
0
0
0
0
0
0
0
0
0
0
0
0
0
0
1.06
0.454
0
0
0
0
0
0
0
0
0
0
0
0
0
0.006
0.041
0
0
0
0.063
0.155
0.069
0.097
0
0.185
0.022
0
0
0
0
0
0
0
0
0
0
0
0
0
0
0
0
0
0
0
1.118
0
0
0.012
0
0
0
0.458
0
0.021
0.006
0.004
0
0
0
0.002
0.037
0.042
0
0
0
0
0
0
0.165
0
0
0
0
0
0
0
0
0
0
0
0
0
0
0
0
0
0
0
0
0
0
0
0
0
0
0
1.211
0.004
0
0
0
0
0
0
0
0
0
0
0
0
0.013
0
0.056
0.026
0
0.807
0.496
0
0.066
0.024
0.201
0.248
0
0
0
0
0
0
0
0
0
0
0
0
0
0
0
0
0
0
1.448
0
0.716
0.001
0
0
0
0
0
0
0
0
0
0
0
0
0
0
0
0
0.015
0.01
0.092
0.008
0.188
0.259
0.221
1.161
0.376
0
0
0
0
0
0
0
0
0
0
0
0
0
0
0
0
0
0
0.646
0
0
0
0
0
0
0
0
0
0
0
0
0
0
0
0
0
0
0
0
0
0
0
0
0
0
0
0
0.009
0
0.108
0.021
0
0
0
0
0
0
0
0
0
0
0
0
0
0
0
0
0
0
0
0
0
0.001
0
0
0
0
0
0
0
0
0
0
0
0
0
0
0
0
0.011
0.361
0.368
0.549
0.791
0.218
0.217
1.551
1.416
0.85
0
0.076
0.035
0
0
0
0
0
0
0
0
0
0
0
0
0
0
0
0
1.135
0.026
0
0
0.351
0
0
0
0
0
0
0
0
0
0
0
0
0
0
0
0
0.313
0.549
0.208
0.1
0.099
0.15
0.116
0.087
0
0
0
0
0
0
0
0
0
0
0
0
0
0
0
0
0
0.713
0
0
0
0
0
0
0
0
0
0
0
0
0
0
0
0
0
0.025
0.003
0
0.924
0.127
0.248
1.082
0.167
0
0
0
0.031
0
0
0
0
0
0
0
0
0
0
0
0
0
0
0
0
0
0
0
0
0.002
0
0
0
0
0
0
0.017
0
0
0
0
0
0
0
0
0.054
0.011
0
0
0
0.006
0.225
0.237
0.22
0.134
0
0
0.014
0
0
0
0
0
0
0
0
0
0
0
0
0
0
0
0
0.862
0
0
0
0.342
0
0.004
0
0
0
0
0
0
0
0
0
0
0
0
0
0
0
0.031
1.03
0
0
0
0
0.177
0.032
0
0
0
0
0
0
0
0
0
0
0
0
0
0
0
0
0
0
0.735
0.092
0
0
0
0
0
0
0
0
0
0
0
0
0
0
0
0
0
0
0
0
0
0.13
0.002
0.06
0.173
0.654
2.059
1.274
0.131
0.011
0.011
0.011
0.011
0.011
0.011
0.011
0.011
0.011
0.011
0.011
0.011
0.011
0.011
0.011
0.011
0.011
0.011
0.011
0.011
0.011
0.011
0.011
0.011
0.011
0.011
0.011
0.011
0.011
0.011
0.011
0.011
0.011
0.011
0.011
0.011
0.011
0.011
0.011
0.021
0.243
1.272
1.351
1.17
0.254
1.182
0.869
0.949
0.011
0.011
0.011
0.011
0.011
0.011
0.011
0.011
0.011
0.011
0.011
0.011
0.011
0.011
0.011
0.011
0.011
1.252
0.011
0.011
0.011
0.011
0.011
0.011
0.048
0.075
0.075
0.074
0.021
0.011
0.011
0.011
0.011
0.011
0.011
0.044
0.065
0.067
0.067
0.052
0.177
0.24
0.236
1.238
0.1
0.215
0.022
0.002
0
0
0
0
0
0
0
0
0
0
0
0
0
0
0
0
0
0
0
0
0
0
0
0
0
0
0
0
0
0
0
0
0
0
0
0
1.217
0
0
0.108
0.108
0.098
0.129
0.12
0.097
0.18
0.119
0.195
0.261
0
0
0
0
0
0
0
0
0
0
0
0
0
0
0
0
0
0
0
0
0
0
0.005
0
0
0
0
0
0
0.639
0
0
0
0
0
0
0
0
1.374
0.274
0.121
0.115
0.125
0.359
0.322
0.208
0.09
0
0
0
0
0
0
0
0
0
0
0
0
0
0
0
0
0
1.061
0
0
0
0
0
0
0
0
0
0
0
0
0
0
0
0
0
0
0
0
0
0
0
0.159
0.808
1.09
1.17
0.338
0.291
0.123
0
0
0
0
0
0
0
0
0
0
0
0
0
0
0
0
0
0.943
0
0
0
0
0
0
0
0
0
0
0
0
0
0
0
0
0
0
0
0
0
0
0
0
0
0
0
0
0
0
0
0
0
0
0
0
0
0
0
0
0
0
0
0
0
0
0
0
0
0
0
0
0
0
0
0
0
0
0
0
0
0
0
0
0
0
0
0
0
0
0
0
1.044
0.384
0.231
1.302
1.122
0.199
0.011
0.011
0.011
0.011
0.011
0.011
0.011
0.011
0.011
0.011
0.011
0.011
0.011
0.011
0.011
0.011
0.011
0.973
0.011
0.011
0.011
0.011
0.011
0.011
0.011
0.011
0.011
0.011
0.011
0.011
0.011
0.011
0.011
0.011
0.011
0.011
0.011
0.011
0.011
0.011
0.011
0.011
0.449
1.719
1.151
1.01
0.847
0.075
0
0
0
0
0
0
0
0
0
0
0
0
0
0
0
0
0
0.002
0
0
0
0
0
0
0
0
0
0
0
0
0
0
0
0
0
0
0
0.007
0
0
0
0
0.002
0.89
2.304
1.658
1.052
0
0
0
0
0
0
0
0
0
0
0
0
0
0
0
0
0
0
0
0
0
0
0
0
0.696
0.822
0
0.001
0.005
0.004
0.004
0.004
0.009
0.004
0
0
0.728
0.207
0.004
0.004
0.004
0.002
0
0
0
0
0
0
0
0
0
0
0
0
0
0
0
0
0
0
0
0
0
0
0
0
0
0
0
0.719
0.785
0.022
0.046
0.005
0
0
0
0
0
0
0
0
0
0
0
0
0
0
0
0
0
0
0
0
0
0
0
0
0
0
0
0
0
0
0
0
0
0
0
0
0
0
0
0
1.024
0
0
0
0
0
0
0
0
0
0
0
0
0
0
0
0
0
0
0
0
0
0
0.016
0
0
0
0
0.002
0
0
0
0
0
0
0
0
0
0
0
0
0
0
0
0
0
0
0
1.147
0
0
0
0
0
0
0
0
0
0
0
0
0
0
0
0
0
0
0
0
0
0
0
0
0
0
0
0
0
0
0
0
0
0
0
0
0
0
0
0
0
0
0
0
0
0
0
1.153
0
0
0
0
0
0
0
0
0
0
0
0
0
0
0
0
0
0
0
0
0
0
0
0
0
0
0
0
0
0
0.002
0
0
0
0
0
0
0
0
0
0
0
0
0
0
0
0
0.978
0.005
0
0
0
0
0
0
0
0
0
0
0
0
0
0
0
0
0
0
0
0.039
0.033
0.075
0.108
0.039
0
0
0
0
0
0
0
0
0
0
0
0
0
0
0
0
0
0
0
0
0
0
0
0
0
0.726
0
0
0.895
0
0
0
0
0
0
0
0
0
0
0
0
0
0
0
0
0.184
1.003
0.001
0
0.006
0.294
0.936
1.512
0.107
0
0
0
0
0
0
0
0
0
0
0
0
0
0
0
0
0
0
0
0
0
0
0
0
0
0
0
0
0
0
0
0.045
0.638
0
0
0
0.002
0.073
0.259
0.169
0
0
0
0
0
0
0
1.266
0.006
0
0
0
0
0
0
0
0
0
0
0
0
0
0
0
0
0.794
0
0
0
0
0
0
0
0
0
0
0
0
0
0
0
0
0
0.07
0.311
0.34
1.077
2.242
2.098
1.791
0.248
0.15
0.011
0.001
0
0
0
0
0
0
0
0
0
0
0
0
0
0
0
0
0
0
1.288
0
0
0
0
0
0
0
0
0
0
0
0
0
0
0
0
0
0
0
0.982
0
0
0
0
0.162
0.222
0.217
0.838
0.177
0
0
0
0
0
0
0
0
0
0
0
0
0
0
0
0
0
0.01
0
0
0
0
0
0
0
0
0
0
0
0
0
0
0
0
0
0
0
0
0
0
0
0
0
0
0
0
0
0
0
0
0
0
0
0
0
0
0
0
0
0
0
0
0
0
0
0
1.142
0
0
0
0
0
0
0
0
0
0
0
0
0
0
0
0
0
0
0
0
0
0
0.204
0.22
0.224
0.425
1.785
0.222
0.223
0.02
0
0
0
0
0
0
0
0
0
0
0
0
0
0
0
0
0
0
0
0
0
0
0
0
0
0
0
0
0
0
0
0
0
0
0
0
0
0
0
0
0
0
0
0.001
0
0
0
0
0
0
0
0
0
0
0
0
0
0
0
0
0
0
0
0
0
0.869
0
0
0
0
0
0
0
0
0
0
0
0
0
0
0
0
0
0
0
0
0
0.167
0.088
0
0
0
0.892
0.249
0.254
0.393
0.204
1.056
0
0
0
0
0
0
0
0
0
0
0
0
0
0
0
0
0
0
0.972
0
0
0
0
0
0
0
0
0
0
0.006
0
0
0
0.032
0.023
0
0.648
0.025
2.702
1.283
1.187
1.306
2.855
0.83
1.081
0.373
0.011
0.011
0.011
0.011
0.011
0.011
0.011
0.011
0.011
0.011
0.011
0.011
0.011
0.011
0.011
0.011
0.011
0.011
0.011
0.011
0.011
0.011
0.011
0.011
0.011
0.011
0.011
0.011
0.011
0.011
0.011
0.011
0.011
0.011
0.914
0.011
0.076
0.011
0.939
1.433
1.826
1.029
0.94
1.328
0.873
0.012
0.011
0.011
0.055
0.011
0.003
0
0
0
0
0
0
0
0
0
0
0
0
0
0
0
0
0
0
0
0
0
0
0
0
0
0
1.086
0
0
0
0
0
0
0
0
0.047
0.079
0.105
0.108
0.102
0.118
0.108
0.063
0.021
0
0
0
0
0
0
0
0
0
0
0
0
0
0
0
0
0
0
0
0.001
0.014
0.031
0
0
0
0
0
0
0
0
0
0
0
0
0
0
0
0
0
0.021
0
0
0.03
0.09
0.133
0.125
0.69
1.194
0.013
0
0
0
0
0
0
0
0
0
0
0
0
0
0
0
0
0
0
0
0
0
0
0
0
0
0
0
0
0
0
0
0
0
0
0
0
0
0
0.044
0.157
0.157
0.006
0
0
0
0
0
0
0
0
0
0
0
0
0
0
0
0
0
0
0
0
0
0
0
0
0
0
0.99
0
0
0
0
0
0
0
0
0
0
0
0.009
0.012
0
0
0.044
0
0
0.003
0.002
0.745
0
0.005
0
0
0
0.001
0
0
0
0.039
0.155
0.002
0
0
0
0
0
0
0
0
0
0
0
0
0.05
0
0.013
0
0.013
0
0
0.015
0.004
0.03
0.011
0.01
0
0
0
0
0
0
0
0
0.004
0
0.005
0.057
0
0
0
0.002
0
0.002
0
0
0
0
0
0
0
0
0
0
0
0
0
0
0
0
0
0
0
0.007
0
0
0.001
0
0
0
0
0
0
0
0
0
0
0
0.016
0.823
1.286
0
0
0
0.035
0.405
0.276
0.228
1.185
0.219
0.177
0
0
0
0
0
0
0
0
0
0
0
0
0
0
0
0
0
0
0
0
0
0
0
0
0
0
0
0
0
0
0
0
0
0
0
0
0
0
0
0
0.009
0
0
0
0
0
0
0
0.015
0
0
0
0
0
0
0
0
0
0
0
0
0
0
0
0
0
0
0
0
0.023
0
0
0
0
0.003
0.011
0.001
0
0
0
0
0
0
0
0
0
0
0
0
0
0.005
0
0
0
0
0
0
0
0
0
0
0
0
0
0
0
0
0
0
0
0
0
0
0
1.236
0.004
0.008
0.008
0
0
0
0
0.008
0
0.006
0
0
0
0
0.004
0.003
0
0
0.007
0
0
0.028
0
0
0.553
0.619
0.694
0.221
0.086
0
0
0
0
0
0
0
0
0
0
0
0
0
0
0
0
0
0
0
0.007
0
0.027
0
0
0
0
0
0
0
0
0
0
0
0.001
0.007
0.021
0
0
0
0
0.007
0.263
0
0
0
0
0.011
0
0
0
0
0
0
0
0
0
0
0
0
0
0
0
0
0
0
0
2.011
0
0.052
0
0
0
0
0
0.014
0
0.003
0
0
0
0
0
0.009
0
0
0
0
0
0
0
0
0
0
0
0
0
0
0
0
0
0
0
0
0
0
0
0
0
0
0
0
0
0
0
0
0.026
0.028
0
0
0
0.019
0
0
0.018
0
0
0
0
0
0
0
0
0
0
0.081
0.005
0.005
0.001
0
0
0.002
0
0.01
0.005
0.003
0
0
0
0
0
0
0
0
0
0
0
0
0
0
0
0
0
0
0
0
0
0.006
0.001
0.001
0
0
0
0
0
0
0
0
0
0
0
0
0
0
0
0
0
0
0
0
0
0.2
0.113
0
0
0
0
0
0
0
0
0
0
0
0
0
0
0
0
0
0
0.549
0
0
0.632
0
0
0
0
0
0
0
0
0
0
0
0
0
0
0
0.016
0
0
0
0
0
0
0
0
0
0
0
0
0
0
0
0
0
0
0
0
0
0
0
0
0
0
0
0
1.604
0
0.004
0.03
0
0
0
0
0.047
0.049
0
0
0
0
0
0
0.004
0
0
0
0
0
0
0
0
0
0
0
0
0
0
0
0
0
0
0
0
0
0
0
0
0
0
0
0
0
0
0
1.59
0.033
0
0
0
0
0
0.009
0.484
0.004
0.002
0.001
0
0
0
0
0
0
0
0
0
0.039
0.157
0.157
0.157
0.156
0.157
0.158
0.157
0.159
0.158
0.159
0.158
0.159
0.158
0.159
0.16
0.158
0.158
0.157
0.157
0.158
0.158
0.159
0.157
0.157
0.078
0
0
0.018
0
0.014
0
0
0
0.003
0.053
0.006
0
0.023
0.01
0
0
0
0.004
0
0.014
0
0
0
0
0
0
0
0
0
0
0
0
0
0
0
0
0
0
0
0
0
0
0
0
0
0
0
0
0
1.487
0.011
0.038
0.022
0
0.008
0.005
0.004
0
0.006
0.001
0
0.001
0
0
0.003
0.003
0
0
0
0
0
0
0
0
0
0
0
0.006
0
0
0
0
0
0
0
0
0
0
0
0
0
0
0
0
0
0
0
0
0
0.012
0.017
0
0
0.003
0
0
0.015
0
0.001
0
0
0
0.002
0.008
0
0.103
0
0
0.056
0.067
0.1
0.102
0.54
0.103
0.221
0.156
0.383
0.227
0.049
0
0
0
0
0
0
0
0
2.166
0.027
0
0
0
0
0
0
0
0
0
0
0.003
0
0
0
0
0
0
0
0
0
0
0
0
0
0
0
0.002
1.194
0.304
0.025
0.477
0.357
0.158
0.039
0
0
0.046
0
0
0
0
0
0
0
0
0
0
0
0
0
0
0
0
0
0
0.001
0
0
0
0
0
0
0
0
0
0
0
0
0
0
0
0.005
0.011
0
0
0
0.029
0.609
3.694
1.961
0.158
0.171
0.552
0.343
0
2.165
0
0
0
0
0
0
0
0
0
0
0
0
0
0
0
0
0
0.004
0.016
0.029
0
0
0.003
0
0.01
0.005
0
0
0
0
0
0
0.008
0
0
0
0
0
0.006
0
0
0.001
0
0
0.013
0.226
0.598
0.147
0
0
0
0
0
0
0
0
0
0
0
0
0
0
0
0
1.81
0.01
0.009
0.014
0
0
0
0.01
0
0.018
0
0.002
0
0
0
0
0.03
0
0
0
0
0
0
0
0
0
0
0
0
0
0
0
0
0
0
0
0
0
0
0
0
0
0
0
0
0
0
0
0
0
0.026
0.004
0
0
0.005
0.014
0
0.003
0
0.002
0.014
0
0
0
0.156
0.494
0
0.072
0
0
0
0
0
0
0
0.95
0.086
0.278
0.014
0
0
0
0
0
0
0
0
0
0
0
0
0
0
0
0
0
1.755
0
0.044
0.003
0
0
0
0.014
0
0
0.008
0.013
0.019
0
0
0
0
0
0
0
0.17
0
0
0
0
0
0.131
0.294
0.164
0
0
0
0
0
0
0
0
0
0
0
0
0
0
0
0
0
0
0
0
0
0.063
0.055
0
0
0
0
0
0.014
0
0
0
0
0
0
0.022
0.004
0
0
0.004
0
0.004
0.141
0.519
0.069
0.283
0.414
0.298
0.016
0.843
0.092
0
0
0
0
0
0
0
0
0
0
0
0
0
0
0
0
0
0
0
0.013
0.003
0
0
0.009
0
0
0
0
0
0
0
0
0
0
0
0
1.417
0.039
0
0
0
1.678
0.069
0
0
0
0
0
0
0
0
0
0
0
0
0
0
0
0
0
0
0
0
0
0
0
0
0
0.009
0
0
0
0
0
0
0
0
0
0
0
0
0
0
0.002
0.113
0
0
0
0
0
0
0
0
0
0
0
0
0
0
0
0
0
0
0
0
0
0
0
0
0
0
0
1.43
0.182
0
0.021
0
0
0
0
0
0
0.01
0
0
0
0
0.003
0.037
0.003
0.01
0
0
0.007
0
0
0
0.507
0.096
0.073
0.458
0.689
0.037
0
0
0
0
0
0
0
0
0
0
0
0
0
0
0
0
0
0
0
0.039
0.037
0
0
0
0.016
0.007
0.006
0
0.001
1.466
0.014
0
0.012
0
0.002
0
0.107
0
0.073
0.071
0.059
0.004
0
0
0.243
0.307
0.044
0
0
0
0
0
0
0
0
0
0
0
0
0
0
0
0
0
0
1.974
0
0.007
0.015
0.004
0
0.004
0.002
0.003
0
0
0
0
0
0
0
0
0
0.143
0
0
0
0
0.269
0.662
1.399
1.422
1.374
0.311
0.311
0.078
0
0
0
0
0
0
0
0
0
0
0
0
0
0
0
0
0
0.021
0
0
0
0
0
0
0
0
0
0
0
0
0
0
0
0
0
0
0
0
0
0
0
0.106
0
0
0
0
0
0.116
0.167
0
0
0
0
0
0
0
0
0
0
0
0
0
0
0
0
1.585
0
0.003
0.008
0
0
0
0
0
0
0
0
0
0
0
0
0
0.012
0.13
0
0
0
0
0
0.086
0.161
0.058
0.095
0.104
0.104
1.281
0.285
0
0
0
0
0
0
0
0
0
0
0
0
0
0
0
0
0
0
0.008
2.012
0.009
0
0
0
0
0
0
0
0
0
0
0
0.058
0
1.235
0.097
1.62
0.081
0.15
0.274
0.183
0.525
0.16
0.463
2.965
0.848
0.35
0
1.891
0
0
0
0
0
0
0
0
0
0
0
0
0
0
0
0
0
0
0.006
0.019
0
0
0
0
0
0
0
0
0
0
0
0
0.097
0.121
0
0
0
0
0.007
1.092
1.744
0.074
0.061
0.049
0
0
0
0
0
0
0
0
0
0
0
0
0
0
0
0
0
0
0
1.332
0
0
0
0
0
0
0
0
0
0
0
0
0
0
0
0
0.027
0.041
0.012
0.03
0.01
0
0.005
0.02
0.03
0.308
0.208
0.087
0
0.862
1.03
0.073
0
0
0
0
0
0
0
0
0
0
0
0
0
0
0
1.246
0
0
0.013
0
0
0
0
0
0
0
0
0
0
0
0
0
0.013
0.181
0
0.005
0
0
0.07
0
0
0.758
2.164
2.119
2.152
1.183
0
0
0
0
0
0
0
0
0
0
0
0
0
0
0
0
0
1.259
0
0
0.007
0.346
0.655
0
0
0
0
0
0
0
0
0
0
0.037
0
0
0
0
0
0.007
0
0.616
1.863
0.17
0.736
0.761
0.329
2.007
0.494
0
0
0
0
0
0
0
0
0
0
0
0
0
0
0
0
0
0
0
0
0
0
0
0
0
0
0
0
0
0
0
0
0
0
0
0
0
0
0
0
0
0
1.908
0.01
0
0
0
0
0
0
0
0
0
0
0
0
0
0
0
0
0
0
0
0
0
0
0
1.079
0
0
0
0
0
0
0
0
0
0
0
0
0
0
0
0
0
0
0
0
0
0
0.981
0.841
0
0
0
0
0
0
0
0
0
0
0
0
0
0
0
0
0
0
0
0
0
0
0
0
0
0
0
0
0
0
0
0
0
0
0
0.03
0
0
0
0
0
0
0
1.691
0
0
0
0
0
0
0.088
0
0.003
0
0
0
0
0
0
0
0
0
0
0
0
0
0
0
0
0
0
0
0
0
1.589
0.046
0
0
0
0
0
0
0
0
0
0
0
0.085
0
0
0
0
0
0
0
0
0
0
0
0
0
0
0
0
0
0
0
0
0
0
0
0
0
0
0
0
1.736
0
0
0
0
0
0
0
0
0
0
0
0
0
0
0
0
0
0
0
0
0
0
0
0
0
0
0
0.087
0.18
0
0
0.001
0
0
0
0
0
0
0
0
0
0
0
0
0
0
0
0
0
0
0
0
0
0
0
0.008
0.292
0.378
0.599
0
0
0.002
0
0
0
0
0
0
0
0
0.105
0.128
0.305
0.175
0
0
0
0
0
0
0
0
0
0
0
0
0
0
0
0
0
0
0
0
0
1.521
0
0
0
0
0
0
0
1.041
0.829
0
0.313
0.006
0
0.085
0.122
0.121
0.122
0.122
0.144
0.248
0.311
0.358
0.373
0.484
0.537
0.541
0.538
0.544
0.057
0
0
0
0
0
0
0
0
0
0
0
0
0
0
0
0
0
0
1.258
0
0
0
0
0
0
0
0
0
0
0
0
0
0
0
0
0
0
0
0.03
0.151
0.135
0.151
0.157
0.151
0.15
0.151
0.509
0.555
0.137
0
0
0
0
0
0
0
0
0
0
0
0
0
0
0
0
0.004
1.39
0
0
0
0
0
0
0
0
0
0
0
0
0
0
0
0
0
0
0
0.015
0.151
0.151
0.151
0.151
0.149
0.151
0.151
0.152
0.153
0.15
0.115
0
0
0
0
0
0
0
0
0
0
0
0
0
0
0
0
0
0
0
0
0
0
0
0
0
0
0
0
0
0
0
0
0
0.007
0.121
0.006
0
0.078
1.998
0.298
0.251
0.258
0.251
0.253
0.262
0.261
0.254
0.26
0.026
0
0
0
0
0
0
0
0
0
0
0
0
0
0
0
0
0
0
0
0
0
0
0
0
0
0
0
0
0
0
0
0
0.085
0.151
0.149
0.15
0.306
0.239
1.813
2.597
2.317
3.748
2.354
2.325
2.358
1.945
0
0
0
0
0
0
0
0
0
0
0
0
0
0
0
0
0
1.577
0
0
0.002
0
0
0
0
0
0
0
0
0
0
0
0
0
0.053
0.113
0.105
0.106
0.106
0.106
0.125
0.147
0.138
0.138
0.138
0.139
0.137
0.097
0
0
0
0
0
0
0
0
0
0
0
0
0
0
0
0
0
0
0
0
0
0
0
0
0
0
0
0
0
0
0
0
0
0
0
0
0
0
0.084
0.147
0.148
0.145
0.302
0.147
0.147
0.148
0.396
0.436
0.445
0.07
0
0
0
0
0
0
0
0
0
0
0
0
0
0
0
2.077
0.02
0
0
0
0
0
0
0
0
0
0
0
0
0
0
0
0
0
0
0
0
0.028
0.137
0.135
0.137
0.138
0.159
0.139
0.131
0
0
0
0
0
0
0
0
0
0
0
0
0
0
0
0
0
0
0
0
0
0
0
0
0
0
0
0
0
0
0
0
0
0
0
0
0
0
0
0
0
0
0
0
0
0
0
0.005
0
0
0
0
0
0
0
0
0
0
0
0
0
0
0
0
0
0
1.669
0
0
0
0
0
0
0
0
0
0
0
0
0
0
0
0.04
0.152
0.206
0.273
0.258
0.253
0.253
0.264
0.26
0.254
0.262
1.002
0.238
0.106
0.105
0.116
0
0
0
0
0
0
0
0
0
0
0
0
0
0
0
0
0
0
0
0
0
0
0
0
0
0
0
0
0
0
2.078
0.15
0.151
0.15
0.15
0.15
0.155
0.149
0.152
0.186
0.454
0.564
0.55
0.506
0.319
0.321
0.467
2.157
0.001
0
0
0
0
0
0
0
0
0
0
0
0
0
0
0
0
0
0.002
0.001
0
0.003
0
0
0
0
0
0.003
0.001
0
0
0.038
0
0
0.299
1.713
2.137
2.147
2.041
2.043
2.024
1.061
2.362
2.651
0.363
0.375
0.425
1.221
0.89
1.102
0
0
0
0
0
0
0
0
0
0
0
0
0
0
0
0
0
0
0.004
0
0
0
0
0
0
0
0
0
0
0
0
0.079
0.15
0.155
0.267
1.03
2.011
2.027
2.019
2.06
2.277
2.272
2.267
2.137
0.652
0.004
0
0
0
0
0
0
0
0
0
0
0
0
0
0
0
0
0
0
0
0
0.003
0.019
0
0
0
0
0
0
0
0
0
0
0.061
0.005
0.197
0.314
1.906
1.45
0.374
0.208
1.613
1.158
0.208
0.22
0.351
0.569
0.351
0.13
0
0.017
0
0
0
0
0
0
0
0
0
0
0
0
0
0
0
0
0
0
0
0.054
0
0
0
0
0
0
0
0
0
0
0
0.054
0.149
0.327
1.006
0.68
1.456
1.401
0.364
0.288
2.343
0.587
0.451
0.594
0.308
0
0
0
0
0
0
0
0
0
0
0
0
0
0
0
0
0
0
0
0
0
0
0
0.008
2.153
0
0
0
0
0
0
0
0
0
0.001
0.142
0.239
1.501
2.629
0.362
0.45
1.988
0.678
0.621
0.265
0.255
0.256
0.355
0.5
0.82
0.271
0.019
0.007
0
0
0
0
0
0
0
0
0
0
0
0
0
0
0
0
0
0
0
0
0
0
0
0
0
0
0
0.072
1.769
0.674
1.83
0.682
0.296
0.289
0.892
1.001
0.753
0.251
1.86
0.25
0.255
0.066
0
0.01
0
0
0.005
0
0
0
0
0
0
0
0
0
0
0
0
0
0
0
0
0
0.01
0
0
0
0.001
0
0
0.088
0.015
0
0
0
0
0
0.027
0.037
0.657
1.105
1.295
1.067
1.514
3.118
0.694
0.602
0.169
0.151
0.149
0.154
0.017
0.002
0
0.006
0.007
0
0
0
2.39
0
0
0
0
0
0
0
0.715
0.001
0
0
0
0.898
0
0
0
0
0
0
0
0
0
0
0
0
0
0.205
0.242
0.136
0.16
0.648
0.287
0.648
0.432
0.291
0.307
0
0
0
0
0
0
0
0
0
0
0
0
0
0
0
0
0
0
0
0
0
0
0
0
0
0.01
1.313
0
0.003
0.004
0.004
0.004
0
0
0
0
0
0.09
0.147
0.443
0.451
2.107
1.338
0.731
0.299
0.732
0.304
0.302
0.301
0.255
0.002
0
0
0
0
0
0
0
0
0
0
0
0
0
0
0
0
0
0
0
0.003
0.001
0.001
0
0
0
0
0
0
0
0
0
0
0.001
0.007
0
0.229
0.136
0.762
2.23
0.224
0.24
0.239
0.251
0.596
0.456
0.304
0.869
0.711
0.031
0
0
0
0
0
0
0
0
0
0
0
0
0
0
0
0
0
0
0
0
0
0
0.006
0
0
0
0
0
0
0.005
0.084
0.152
0.149
0.149
0.188
0.051
0
0
0.027
0.147
0.147
0.328
0.248
0.248
0.012
0
0
1.915
0
0
0
0
0
0
0
0
0
0
0
0
0
0
0
0
0
0
0
0.004
0
0
0
0
0
0
0
0
0
0
0
0
0
0.286
0.143
2.026
0.444
0.439
0.444
1.961
0.579
0.256
0.251
0.626
0.212
0.212
0.501
0.203
0.002
0
0
0
0
0
0
0
0
0
0
0
0
0
0
0
0
0
0
0
0
0
0
0
0
0
0.546
1.287
0.642
0
0
0
0.036
0.155
0.968
1.499
2.642
2.346
1.622
0.237
0.246
0.229
0.227
0.335
0.474
1.103
0.172
0
0
0
0
0
0
0
0
0
0
0
0
0
0
0
0
0
0
0
0
0.001
0
0
0
0
0
0
0
0
0
0
0
0
0
0.135
0.144
0.147
0.15
0.145
0.145
0.715
0.442
0.447
0.442
0.452
0.444
0.455
2.25
0.446
0.961
0
0
0
0
0
0
0
0
0
0
0
0
0
0
0
0
0
0
1.618
0.508
0
0
0
0
0
0
0
0
0
0
0
0
0.081
0.144
0.145
0.226
0.443
0.444
0.44
0.439
0.439
1.501
1.1
1.696
0.835
1.016
0.359
0
0
0
0
0
0
0
0
0
0
0
0
0
0
0
0
0
0
0
0
0
0
0
0
0
0
0
0
0
0
0
0
0
0
0.095
0.217
1.054
0.445
0.636
0.566
1.336
0.635
0.537
0.166
0.123
0
1.975
0
0
0
0
0
0
0
0
0
0
0
0
0
0
0
0
0
0
0
0
0.003
0
0
0
0
0
0
0
0.012
0
0
0
0
0.002
0.116
0.095
0.111
0.226
0.161
0.096
0.604
0.734
0.192
1.067
1.298
1.262
0.542
0.197
0.105
0
0
0
0
0
0
0
0
0
0
0
0
0
0
0
0
0
0
0
0
0
0
0
0.001
0
0
0
0
0
0
0
0
0
0
0.001
0
0.013
0.045
0
0.027
0
0
0
0
0
2.718
0.02
0.016
0
0
0
0
0
0
0
0
0
0
0
0
0
0
0
0
0
0.001
0.551
0
0
0
0
0
0
0
0
0
0
0
0
0
0
0.007
0
0.029
0
0.001
0.833
0.302
0.267
0.299
0.297
0.292
0.298
0.3
0.303
0.112
0
0
0
0
0
0
0
0
0
0
0
0
0
0
0
0
0
0
0
0
0
0
0
0
0
0
0
0
0
0
0.009
0
0
0
0
0
0.672
1.664
0.217
0
0.998
0.306
0.312
0.309
0.306
0.21
0.016
0
0
0
0
0
0
0
0
0
0
0
0
0
0
0
0
0
0
0
0.008
0.002
0
0
0
0
0
0
0
0
0
0
0
0.002
0
0
0
0
0
0.001
0.003
0
0.015
2.09
2.14
3.104
1.618
0.282
0.075
0
0
0
0
0
0
0
0
0
0
0
0
0
0
0
0
0
0
0
0.007
0
0.002
0.004
0.004
0.004
0.004
0.004
0.004
0.004
0.004
0.004
0.004
0.005
0.002
0
0
0
0
0
0
0.008
0
0
0
0
0.013
0
0
0
0.003
0
0
0
0
0
0
0
0
0
0
0
0
0
0
0
0
0
0
0
0.012
0
0
0
0
0
0.029
0
0
0
0
0
0
0.049
0.592
0
0
0
0
0
0.012
0
0
0
0
0
0
0
0
0
0
0
0
0
0
0
0
0
0
0
0
0
0
0
0
0
0.012
0.001
0
0
0
0
1.211
0.006
0
0
0
0
0
0
0
0
0
0.086
0.107
0.107
0.107
0.106
0.107
0.108
0.114
0.108
0.108
0.107
0.108
0.078
0
0
0
0
0
0
0
0
0
0
0
0
0
0
0
0
0
0
0.025
0.009
0
0
0
0
0
0
0
0
0
0
0
0.018
0.23
0.004
0
0
0
0
0
0
0
0
0
0.063
0.099
0.042
0
0
0
0
0
0
0
0
0
0
0
0
0
0
0
0
0
0
0
0
0.016
0
0
0
0
0
0
0
0
0
0
0
0
0
0
0.005
0
0.224
0
0
0
0
0
0
0
0
0
0
0
0
0
0
0
0
0
0
0
0
0
0
0
0
0
0
0
2.122
0.001
0
0.007
0.001
0
0
0
0
0
0
0
0
0
0
0
0.028
0.017
0.204
0.308
1.103
0.209
0.059
0.127
0.279
0.152
1.225
1.973
1.995
1.958
1.966
0.763
0.123
0.154
0.074
0
0
0
0
0
0
0
0
0
0
0
0
0
0
0
0
0
0.01
0
0
0
0
0
0
0
0
0
0
0
2.149
0.034
0.001
0.229
1.042
0.057
0.108
0.114
0.108
0.107
0.108
0.115
0.115
0.106
0.112
0.03
0
0
0
0
0
0
0
0
0
0
0
0
0
0
0
0
0
0
0
0
0.002
0.003
0
0
0
0
0
0
0
0
0
0
0
0
0
0.258
0.089
0
0
0
0
0.196
0.005
0
0
0
0.016
0
0
0
0
0
0
0
0
0
0
0
0
0
0
0
0
0
1.641
0
0
0
0
0
0
0
0.017
0
0
0.01
0
0
0
0
0
0
0
0
0
0.001
0
0
0
0
0
0
0
0
0.006
0.001
0
0
0
0
0
0
0
0
0
0
0
0
0
0
0
0
1.128
0
0.002
0
0
0
0
0
0
0
0
0
0
0
0
0
0
0.299
0.304
0.092
0.197
0.082
0.105
0.1
0.105
0.107
0.104
0.105
0.106
0.178
0.092
0
0
0
0
0
0
0
0
0
0
0
0
0
0
0
0
0
0
0
0.013
0.02
0
0
0.642
0
0
0
0
0
0.001
0
0
0
0
0
0
0
0.008
0.044
0.339
0.098
0.105
0.105
0.245
0.104
0.097
0
0
0
0
0
0
0
0
0
0
0
0
0
0
0
0
0
0
0
1.759
0.614
0
0
0
0
0
0
0
0
0
0
0.007
0
0
0
0
0.007
0
0.015
0.045
0
0
0
0.126
0.305
0.299
0.306
0.308
0.303
0.29
0
0
0
0
0
0
0
0
0
0
0
0
0
0
0
0
0
0
0.012
0
0
0
0
0
0
0
0
0
0
0
0
0
0
0
0
0.067
0.001
0
0
0
0.088
1.333
0.342
0.292
0.016
0
0
0
0
0
0
0
0
0
0
0
0
0
0
0
0
0
0
0
0
0
0
0
0
0
0
0
0
0.64
0
0
0
0
0
0
0
0
0
0.001
0
0.004
0
0
0
0.202
1.486
0.197
0.254
0.255
0.062
0
0
0
0.007
0
0
0
0
0
0
0
0
0
0
0
0
0
0
0
0
0
0.004
1.198
0
0
0
0
0
0
0
0
0
0.031
0.001
0
0
0.005
0.004
0
0
0
0
0
0.022
0
0
0
0
0
0
0
0
0
0
0
0
0
0
0
0
0
0
0
0
0
0
1.744
0
0
0
0
0
0
0
0
0
0
0
0
0
0
0
0.01
0.003
0
0
0
0
0.008
0.001
0
0
0
0
0
0
0
0
0
0
0
0
0
0
0
0
0
0
0
0
0
0
0
0
1.55
0
0
0.018
0
0
0
0
0
0
0
0
0
0
0
0
0
0
0
0
0
0.007
1.58
0.003
0
0
0
0.006
0
0
0
0
0
0
0
0
0
0
0
0
0
0
0
0
0
0
0
0
0
0
0
0
0
0
0
0
0
0
0
0
0
0
0
0
0
0
0
0
0
0
0
0
0
0
0
0
0
0
0
0
0
0
0
0
0
0
0
0
0
0
0
0
0
0
0
0
0
0
1.802
0
0
0
0
0
0
0
0
0
0
0
0
0
0
0
0
0
0
0
0
0
0
0
0
0
0
0
0
0
0
0
0
0
0
0
0
0
0
0
0
0
0
0
0
0
0
0
0
0
0
0
0
0
0
0
0
0
0
0
0
0
0
0
0
0
0
0
0
0
0
0
0
1.429
1.311
0
0
0
0
0
0
0
0
0
0
0
0
0
0
0
0
0
0
0
0
0
0
0
0
0
0
0
0
0
0
0
0
0
0
0
0
0
0
0.008
0
1.698
0.003
0
0.006
0.004
0.001
0
0.085
0.001
0
0
0
0
0
0
0
0
0
0
0
0
0
0
0
0
0
0
0
0
0
0
0
0
0
0
0
0
0
0
0
0
0
0
0
0
0
0.071
0.316
0.304
0.333
0.308
0.136
0
0
0
0
0
0
0
0
0
0
0
0
0
0
0
0
0
0
0
0
0
0
0
1.734
0.003
0.002
0
0
0
0
0
0
0
0
0
0
0
0
0
0
0
0.008
0
0
0
0
0
0
0
0
0
0
0
0
0
0
0
0
0
0
0
0
0
0
0
0
0
0
0
0
0
1.898
0
0
0
0
0
0
0
0
0
0
0
0
0
0
0
0
0
0
0
0
0
0
0
0
0
0
0
0
0
0
0
0
0
0
0
0
0
0
0
0
0
0
0
0
0
0
0
0
0
0
0
0
0
0
0
0
0
0
0
0
0
0
0
0
0
0
0
0
0
0
0.002
0
0
0
0
0
0
0
0
0
0
0
0
0
0
0
0
0
0
0
0
0
0
0
0
1.779
0.001
0
0
0
0
0
0
0
0
0
0
0
0
0
0
0
0
0
0
0
0
0
0
0
0
0
0
0
0
0
0
0
0
0
0
0
0
0
0
0
0
0
0
0
0
0
0
1.61
0.001
0
0
0
0
0
0
0
0
0
0
0
0
0
0
0
0
0
0
0
0.061
0
0
0
0
0
0
0
0
0
0
0
0
0
0
0
0
0
0
0
0
0
0
0
0
0
0
0
0
0
0
0
0
0
0
0
0
0
0
0.008
0
0
0
0
0
0
0
0
0.938
0.754
0.122
0.107
0.108
0.114
0.113
0.107
0.369
0.35
0.295
0.004
0
0
0
0
0
0
0
0
0
0
0
0
0
0
0
0
0
0
0
0
0
0
0
0
0
0
0
0
0
0
0
0
0
0
0
0
0
0
0
0
0
0
0
0
0.007
0.013
0
0
0
0
0
0
0
0
0
0
0
0
0
0
0
0
0
0
0
0
1.792
0
0
0
0
0
0
0
0
0
0
0
0
0
0.008
0.001
0
0
0
0.014
0
0
0
0
0
0
0
0
0
0
0
0
0
0
0
0
0
0
0
0
0
0
0
0
0
0
0
0
0
0
0
0
0
0.031
0
0
0.001
0.005
0.004
0.004
0.004
0.004
0.004
0.004
0.011
0.003
0
0.021
0
0
0.108
0.029
0.232
0.041
0
0
0
0
0
0
0
0
0
0
0
0
0
0
0
0
0
0
0.968
0.554
0
0
0
0
0
0
0
0
0
0
0
0
0
0
0
0
0
0
0
0.016
0
0
0
0.068
0.193
0.12
0.127
0
0
0
0
0
0
0
0
0
0
0
0
0
0
0
0
0
0
0
0
1.97
0
0
0.028
0
0
0
0
0
0
0
0
0
0
0
0
0.002
0
0
0
0
0
0
0.014
0.301
0.31
0.509
0.312
0.27
0
0
0
0
0
0
0
0
0
0
0
0
0
0
0
0
0
0
0
0
0
0.011
0.055
0
0
0
0
0
0
0
0
0
0
0
0
0.01
0.015
0.001
0
0
0
0
0.785
1.256
0.283
0
0.459
2.732
0.306
0.309
0.296
0.236
0.027
0.021
0.011
0.007
0.005
0.004
0.004
0.004
0.004
0.004
0.004
0.004
0.004
0.004
0.004
0.004
0.004
0.01
0.004
0.004
0.004
0.902
0.006
0.004
0.004
0.004
0.004
0.004
0.004
0.004
0.004
0.002
0
0.017
0
0.016
0
0
0
0.608
0.096
0.915
0.33
0.399
0.046
0
0
2.394
0
0
0
0
0
0
0
0
0
0
0
0
0
0
0
0
0
0
0
0.019
0
0
0
0
0
0
0
0
0
0
0
0
0
0.012
0.008
0
1.08
0.518
0.435
0.002
0
0
0
0
0.213
0
0
0
0
0
0
0
0
0
0
0
0
0
0
0
0
0
0
0
0
0.014
0.054
0.002
0
0
0
0.003
0.181
0.045
0.007
0
0
0
0
0
0
0
0
0
0.003
0
0
0
0
0
0
0
0.014
0
0
0
0
0
0
0
0
0
0
0
0
0
0
0
0
0
0
0
0
0
0
0
0
0
0
0
0.004
0
0
0.008
0
0
0
0
0
0
0
0
0
0
0
0
0
0
0
0
0
0
0
0
0
0
0
0
0
0
0
0
0
0
0
0
0
0
0
0
0
0.002
0.026
0
0
0.005
0
0
0.01
0
0
0.007
0
0
0
0
0
0
0
0.006
0
0
0
0
0
0
0
1.784
0.307
0.151
0
0
0
0
0
0
0
0
0
0
0
0
0
0
0
0
0
0
0
0.021
0.002
0
0
0
0
0
0
0
0
0
0
0
0
0
0
0
0
0
0
0
0
0
0
0.001
0
0
0.087
2.272
0.007
0
0
0
0
0
0
0
0
0
0
0
0
0
0
0
0
0
0
0
0.025
0
0
0
0
0
0
0
0
0
0
0
0
0
0
0
0
0
0.015
0.402
0.339
0.864
1.094
0.358
0.331
0.342
0.128
0.054
0
0
0
0
0
0
0
0
0
0
0
0
0
0
0
0
0
0
0
0
0.002
0
0
0
0
0
0
0
0
0
0
0
0
0
0
0
0
0.884
1.826
2.694
0
0.042
0.191
0.463
0.885
0.1
0.099
0.069
0
0
0
0
0
0
0
0
0
0
0
0
0
0
0
0
0
0
0
0
0.003
0.01
0
0.001
0
0
0
0
0
0
0
0
0
0
0.018
0
0
0
0
0
0
0.005
0
0
0
0
0
0
0
0
0
0
0
0
0
0
0
0
0
0
0
0
0
0
0
0
0
0
0.016
0.012
0.012
0.011
0.177
0.017
0
0.015
0
0
0
0
0
0.002
0
0
0
0.004
0
0.017
0.735
0.137
0.139
0.409
0.141
0.136
0.094
0
0
0
0
0
0
0
0
0
0
0
0
0
0
0
0
0
0
0
0
0.021
0.057
0
0
0
0
0.002
0
0
0
0
0
0
0
0
0
0
0
0
0.303
0.416
0.412
0.136
0.361
0.222
0.013
0
0
0
0
0
0
0
0
0
0
0
0
0
0
0
0
0
0
0
0
0
0
0
0
0
0
0
0
0
0.009
0
0
0
0
0
0.002
0.017
0
0
0
0
0
0
0
0
0
0
0
0
0
0
0
0
0
0
0
0
0
0
0
0
0
0
0
0
0
0
0
1.888
0
0
0.002
0
0
0
0.002
0
0.003
0
0
0
0
0
0
0
0
0
0.001
0.058
0
0
0
0
0
0
0
0
0
0
0
0
0
0
0
0
0
0
0
0
0
0
0
0
0
0
0
1.473
0
0
0.009
0
0
0
0
0
0
0
0
0
0
0
0
0
0.032
0
0
0
0
0
0
0
0.116
0.107
0.106
0.107
0.35
0.367
0.015
0
0
0
0
0
0
0
0
0
0
0
0
0
0
0
0
0
0
0
0.003
0
0
0
0
0
0
0
0
0
0
0
0
0
0
0
0
0
0
1.766
0.029
2.376
0.323
0.299
0.207
0.061
0.087
0.293
0.061
0
0
0
0
0
0
0
0
0
0
0
0
0
0
0
0
0
0
0
0
0
0
0
0.32
0
0.081
0
0
0
0
0
0
0
0
0
0
0
0
0
0
0
0
0
0.004
0.001
0.018
0
0
0
0
0
0
0
0
0
0
0
0
0
0
0
0
0
0
0
2.051
2.018
0
0
0
0
0
0
0
0
0
0
0
0
0
0
0
0.004
0.027
0
0
0
0
0
0
0
0
0.008
0
0
0
0
0
0
0
0
0
0
0
0
0
0
0
0
0
0
0
0
2.201
0.743
0.019
0
0
0
0
0
0
0
0
0
0
0
0
0
0
0
0
0
0
0
0
0
0
0
0
0
0
0
0
0
0
0
0
0
0
0
0
0
0
0
0
0
0
0
0
0
0
0
0
0
0
0
0
0
0
0
0
0
0
0
0
0
0
0
0
0
0
0
0
0
0
0
0
0
0
0
0
0
0
0
0
0
0
0
0
0
0
0
0
0
0
0
0
2.224
0
0
0
0
0
0
0
0
0
0
0
0
0
0
0
0
0
0
0
0
0
0
0
0
0
0
0
0
0
0
0
0
0
0
0
0
0
0
0
0
0
0
0
0
0
0
0
2.029
0
0
0
0
0
0
0
0
0
0
0
0
0
0
0
0
0
0
0
0
0
0
0
0
0
0
0
0
2.119
0.104
0
0
0
0
0
0
0
0
0
0
0
0
0
0
0
0
0
0
0
0
0
0
0
0
0
0
0
0
0
0
0
0
0
0
0
0
0.952
1.166
0
0
1.155
1.053
0
0
0
0
0
0
0
0
0
0
0
0
0
0
0
0
0
0
0
0
0
0
0
0
0
0
0
0
0
0
0
0
1.382
0
0
0
0
0
0
0
0
0
0
0
0
0
0
0
0
0.003
0
0
0
0
0
0
0
0
0
0
0
0
0
0
0
0
0
0
0
0
0
1.939
0
0
0
0
0
0
0
0
0
0
0
0
0
0
0
0
0
0
0
0
0
0
0
0
0
0
0
0
0
0
0
0
0
0
0
0
0
0
0
0
0
0
0
0
0
0
0
0
0
0
0
0
0
0
0
0
0
0
0
0
0
0
0
0
0
0
0
0
0
0.013
0
0
0
0
0
0
0
0
0
0
0
0
0
0
0
0
0
0
0
0
0
0
0
0
0
2.223
0
0
0
0
0
0
0
0
0
0
0
0
0
0
0
0
0
0
0
0
0
0
0
0
0
0
0
0.003
0
0
0
0
0
0
0
0
0
0
0
0
0
0
0
0
0
0
0
0
0
0
0
0
0
0
0
0
0
0
0
0
0
0
0
0
0
0
0
0
0
0
0
0
0
0
0
0
0
0
0
0
0
0
0
0
0
0
0
0
0
0
0
0
0
0
0
0
2.039
0
0
0
0
0
0
0
0
0
0
0
0
0
0
0
0
0
0
0
0
0
0
0
0
0
0.436
0.195
0.117
0.077
0.036
0
0
0
0
0
0
0
0
0
0
0
0
0
0
0
0
0
0
0
0
0
0
0
0
0
0
0
0
0
0
0
0
0
0
0
0
0
0
0
0
2.476
2.142
0
0.002
0
0
0
0
0
0
0
0
0
0
2.082
0
0
0
0
0
0
0
0
0
0
0
0
0
0
0
0
0
0
0
0
0
0
0
0
0
0.04
0
0
0
0
0
0
0
0
0
0
0
0
0
0
0
0
0
0
0
0
0
0
0
0
0
0
0
0
0
0
2.254
0
0
0
0
0
0
0
0
0
0
0
0
0
0
0
0
0
0
0
0
0
0.002
0.006
0
0
0
0
0.027
0
0
0
0
0
0
0
0
0
0
0
0
0
0
0
0
0
0
0
0
0
0
0
0
0
0
0
0
0
0
0
0
0
0
0
0
0
0
0
0
0
0
0
0
0
0.002
0
0
0
0
0
0
0
0
0
0
0
0
0
0
0
0
0
0
0
0
0
0
0
0
0
0
0
0
0
0
0
0
0
0
0
0
0
0
0
0.001
0.005
0
0
0
0
0
0
0
0
0
0
0
0
0
0
0
0
0
0
0
0
0
0
0
0
0
0
0
0
0
2.243
0
0
0
0
0
0
0
0
0
0
0
0
0
0
0
0
0
0
0
0
0
0.022
0
0
0
0
0
0
0
0
0
0
0
0
0
0
0
0
0
0
0
0
0
0
0
0
0
1.773
0
0
0
0
0
0
0
0
0
0
0
0
0
0
0
0
0
0
0
0
0
0
0
0
0
0
0
0
0
0
0
0
0
0
0
0
0
0
0
0
0
0
0
0
0
0
0
0
0
0
0
0
0
0
0
0
0
0
0
0
0
0
0
0
0
0
0
1.438
0.028
0
0
0
0
0
0
0
0
0
0
0
0
0
0
0
0
0
0
0
0
0
0
0
0
0
0
0
0
0
0
0
0
0
0
0
0
2.089
0
0
0
0
0
0
0
0
0
0
0
0
0
0
0
0
0
0
0
0
0
0
0
0
0
0
0
0
0
0
0
0
0
0
0
0
0
1.836
0
0
0
0
0
0
0
0
0
0
0
0
0
0
0
0
0
0
0
0
0
0
0
0
0
0
0
0.246
0.622
0.437
0
0
0
0
0
0
0
0
0
0
0
0
0
0
0
0
0
1.968
0
0
0
0
0
0
0
0
0
0
0
0
0
0
0
0
0
0
0
0
0
0
0
0
0
0
0
0
0
0
0
0
0
0
0
0
0
0
0
0
0
0
0
0
0
0
0
0
0
0
0
0
0
0
0
0
0
0
0
0
0
0
0
0
0
0
0
0
0
0
0
0
0
0
0
0
0
0
0
0
0
0
0
0
0
0
0
0
0
0
0
0
0
0
0
2.089
0
0
0
0
0
0
0
0
0
0
0
0
0
0
0
0
0
0
0
0
1.824
0
0
0.162
0.33
0.324
0.329
1.64
0.33
0.362
2.174
0
0
0
0
0
0
0
0
0
0
0
0
0
0
0
0
0
0
0
0
0
0
0
0
0
0.001
0
0
0
0
0
0
0
0
0
0
0.694
1.4
0
0.002
0
0
0
0
0
0.741
2.758
1.093
0
0
0
0
0
0
0
0
0
0
0
0
0
0
0
0
0
0
0
0
0
0
0
0
0
0
0.012
0
0
0
0
0
0
0
0
0
0
0
0.085
2.411
0
0.039
0.166
0.162
0.133
0.122
0.166
0.176
0.164
Null
Null
0.163
0.059
0
0
0
0
0
0
0
0
0
0
0
0
0
0
0
0
0
0
0
0
0
0.949
1.17
0
0
0
0
0
0
0
0
0
0.03
0.067
0.063
0.064
0.016
0
0
0
0
0
0
0
0
0
0
0
0
0
0
0
0
0
0
0
0
0
0
0
0
0
0
0
0
0
0
0
0
0
0
0
0
0
0
0
0
0
0
0.187
0.134
0
0
0
0
0.009
0
0
0
0
0
0
0
0
0
0
0
0
0
0
0
0
0
0
0
0
0
0
0
0
0
0
0
0
0
0
0
0
0
0
0
0
0
0
0
0
0
0
0
0
0
0
0
0
0
0
0
0
0
0
0
0
0
0
0
0
0
0
0
0
0
0
0
0
0
0
0
0
0
0
0
0
0
0
0
0
0
0
0
0
0
0
0
0
0
0
0
0
0
0.265
0.882
0.705
0.306
0.049
0
0
0
0
0
0
0
0
0
0
0
0
0
0
0
0
0
0
0
0
0
0
0
0
0
0
0
0
0
0
0
0
0
0
0
0
0
0
0
0
0
0.002
0
0
0.122
0
0
0.004
0
0
0
0
0
0
0
0
0
0
0
0
0
0
0
0
0
0
0
0
0
0
0
0
1.52
0.76
0.001
0
0
0
0
0
0.985
0
0
0
0
0
0
0
0
0
0
0
0
0
0
0
2.092
0.297
0.525
0.899
0.625
2.258
0.032
0.006
0.004
0.004
0.004
0.004
0.004
0.004
0.004
0.004
0.004
0.004
0.004
0.004
0.004
0.004
0.004
0.004
0.004
0.004
0.004
0.004
0.004
0.004
0.004
0.004
0.001
0
0
0
0.01
0
0
0
0.484
1.109
0
0
0.067
0.005
0.004
0.036
0.192
0
0
0
0
0
0
0
0
0
0
0
0
0
0
0
0
0
0
0
0
0
0
0
0
0
0
0.01
0
0
0
0
0
0
0
0
0
0
0
0
1.977
0.006
0
0
0
0
0.015
0
0
0
0
0
0
0
0
0
0
0
0
0
0
0
0
0
0
0
0
0
0
0
0
0
0
0
0
1.148
1.425
0
0
0
0
0
0
0
0
0
0.019
0
0
0
0
0
0
0.002
0.002
0.508
0.035
0
0
0
0
0
0
0
0
0
0
0
0
0
0
0
0
0
0
0
0
0
0
1.33
0
0
0
0
0
0
0.028
0
0
0
2.066
0
0
0
0
0
0
0
0
0
0
0
0
0
0
0
0
0
0
0
0
0
0
0
0
0
0
0
0
0
0
0
0
0
0
0
0
0
0
0
0
0
0
0
0
0
0
0
0
0
0
0
0
0
0
0
0
0
0
0
2.379
0.205
0
0
0
0
0
0
0
0
0
0
0
0
0
0
0
0
0
0
0
0
0
0
0
0.581
2.269
0
0
0
0
0
0
0
0
0.035
0
0
0.003
0
0
0
0
0
0
0
0
0.002
0.188
0.294
0.134
0
0
0
0
0
0
0
0
0
0
0
0
0
0
0
0
0
0
0
0
0
0
0
0
0
0
0
0
0
0
0
0
0
0
0
0
0
0
0
0
0
0
0
0
0
0
0.701
0.188
0
0
0
0
0
1.261
0
0
0
0
0
0
0
0
0
0
0
0
0
1.105
0
0.008
0.004
0
0
0
0
0
0
0
0
0
0
0
0
0
0
0
0
0
0
0
0.005
0
0
0
0.017
0
0
0
0
0
0
0
0
0
0
0
0
0
0
0
0
0
0
0
0
0
0
0
0
0
0
0
0
0
0
0
0
0
0
0
0
0.041
0.082
1.373
0.005
0
0
0
0.052
0.087
0.072
0.283
0.306
0.281
0
0
0
0
0
0
0
0
0
0
0
0
0
0
0
0
0
0
3.423
0
0
0.028
0
0
0
0
0
0
0
0
0
0
0
0
0
0
0
0
0
0
0.047
0.003
0
0.003
0.02
0
0
0.001
0
0
0
0
0
0
0
0
0
0
0
0
0
0
0
0
0
0
0
0
0
0
0
0
0
0
0.008
0
0
0.001
0.001
0
0
0
0
0
0
0.01
0.036
0
0.003
0.063
0.063
0.009
0.188
0.354
0.38
0.638
1.881
0.017
0
0
0
0
0
0
0
0
0
0
0
0
0
0
0
0
2.246
0
0
0.015
0
0
0
0
0
0
0
0
0
0.002
0.005
0
0
0
0.028
0.021
0
0.023
0
0
0.013
1.727
0.111
0.087
0.136
0.126
0.133
0.044
0
0
0
0
0
0
0
0
0
0
0
0
0
0
0
0
2.698
0
0
0.008
0
0
0
0
0
0.006
0
0
0
0
0
0
0
0.047
0
0
0
0
0
0.024
0
0
0
1.836
0.008
0
0
0
0
0
0
0
0
0
0
0
0
0
0
0
0
0
0
2.149
1.14
0
0
0
0
0
0
0
0
0
0
0
0
0
0
0
0
0
0
0
0
0
0
0
0
0
0.002
0
0
0
0
0.103
0.017
0.027
0
0
0
0
0
0
0
0
0
0
0
0
0
0
0
0
1.707
0
0.014
0
0
0
0
0
0
0
0
0
0
0
0
0
0.635
0
0
0
0
0
0
0
0
1.352
1.632
1.777
0
0
0
0
0
0
0
0
0
0
0
0
0
0
0
0
0
0
0
0
0
0
0
0
0
0
0
0
0
0
0
0
0
0
0
0
0
0
0
0
0
0
0
0.02
0.305
0.311
0.329
0.335
0.502
0.317
0.052
0
0
0
0
0
0
0
0
0
0
0
0
0
0
0
1.764
0
0
0.015
0
0
0
0
0
0
0
0.001
0
0
0
0
0.028
0
0
0.06
0.059
0
0
0
0
0
0.139
0
0
0
0
0.788
1.524
0
0
0
0
0
0
0
0
0
0
0
0
0
0
0
2.113
0
0
0
0
0
0.356
0
0
0
0
0
0
0
0
0
0.001
0
0
0
0
0
0
0
0
0
0
0.117
0.373
0.307
0.027
0
0.004
0
0
0
0
0
0
0
0
0
0
0
0
0
0
0
0
0
0
1.851
0
0
0
0
0
0
0
0
0
0
0
0
0.017
0.016
0
0
0
0
0
0
0
0
0.005
0
0
0.226
0.033
0
0
0
0
0
0
0
0
0
0
0
0
0
0
0
0
0
2.293
0
0
0
0
0
0
0.008
0
0
0
0
0
0
0
0
0
0
0.023
0.062
0
0
0
0
0.005
0
0.005
0.102
0.308
2.289
0.157
0
0
0
0
0
0
0
0
0
0
0
0
0
0
0
0
0
2.286
0
0
0.018
0
0
0
0
0
0.006
0
0
0
0
0
0
0
0.028
0
0
0
0
0
0
0
0
0.007
0
0.183
0.234
0.003
0
0
0
0
0
0
0
0
0
0
0
0
0
0
0
0
0
0
0
0
0
0.003
0
0
0
0
0
0
0
0
0
0
0
0
0.007
0
1.725
0.004
0
0
0
0
0
0.042
2.195
0.32
0.244
0.009
2.262
0.054
0
0
0
0
0
0
0
0
0
0
0
0
0
0
0
0
0
0
0
0
0
0
0
0
0
0
0
0
0
0
0
0
0
0
0.008
0.133
0.084
0.066
0.115
0.101
0.063
0.229
0.313
0.305
0.304
0.307
0.134
0
0
0
0
0
0
0
0
0
0
0
0
0
0
0
1.485
1.952
0
0
0
0
0
0
0
0
0
0
0
0
0
0
0
0
0
0
0
0
0
0
0
0
0
0
0
0
0.5
0.615
0.451
0
0
0
0
0
0
0
0
0
0
0
0
0
0
0
0
2.099
0
0
0.002
0
0
0
0
0
0.001
0.007
0.476
0.791
0
0
0
0
0
0
0
0
0.024
0
0
0
0
0
0
0
0
0
0
0
0
0
0
0
0
0
0
0
0
0
0
0
0
0
0
2.169
0
0
0
0
0
0
0
0
0
0
0
0
0
0
0
0
0
0.032
0.027
0
0
0
0
0
0
0
0.002
0
0
0
0
0
0
0
0
0
0
0
0
0
0
0
0
0
0
0
0
0
1.878
0.009
0
0
0
0
0
0
0
0
0
0
0
0
0
0.017
0.01
0.056
0.316
0
0
0
0.03
0.061
0.062
0
0.002
0
0
0.031
0
0
0
0
0
0
0
0
0
0
0
0
0
0
0
0
0
0
0.007
0
0
0
0
0
0
0
0
0
0.021
0
0
0
0
0
0
0
0
0
0
0
0
0.047
0
0.111
0.331
0.26
1.862
0.308
0.307
0.133
0
0.025
0.019
0.009
0.03
0
0
0
0
0
0
0
0
0
0
0
0
0
0
0
0
0
0
0
0
0
0
0
0.009
0.032
0
2.856
0
0
0
0.018
2.492
0
0
0
1.814
0.001
0.118
1.755
0.308
0.3
0.301
0.067
0
0
0
0
0
0
0
0
0
0
0
0
0
0
0
0
0
0
0
0
0
0
0
0
0
0
0
0
0
0
0
0
0
0
0
0
0
0
0.017
0
0
0
0
0
0.012
0.003
0
0
0
0
0
0
0
0
0
0
0
0
0
0
0
0
0
0
0
0
0
0
0
0
0
0
0
0
0
0
0
0
0
0
0
0
0
0
0
0
0
0
0
0
0
0
0
0
0
0
0
0
0
0
0
0
0
0
0
0
0
0
0
0
0
2.353
0
0
0.846
0
0.001
0
0
0
0
0
0
0
0
0
0
0
0.005
0
0
0
0
0
0
0
0
0
0
0
0
2.231
0
0
0
0
0
0
0
0
0
0
0
0
0
0
0
0
0
2.281
0
0
0
0
0
0
0
0
0
0
0
0
0
0
0
0.02
0.039
0
0
0
0
0
0
0
0.056
0
1.638
0.306
0.304
0.311
0.171
0
0
0
0
0
0
0
0
0
0
0
0
0
0
0
0
2.459
0
0
0.005
0
0
0
0
0
0
0
0
0
0
0
0.637
0
0
0
0
0
0
0
0
0
0
0.009
0
1.646
0.003
0
0
0
0
0
0
0
0
0
0
0
0
0
0
0
0
0
0
2.147
0
0
0
0
0
0
0
0
0
0
0
0.016
0
0
0
0
0.034
0
0
0
0
0
0
0
0
0.004
0
0
2.096
0.012
0
0
0
0
0
0
0
0
0
0
0
0
0
0
0
0
0
0
0
0
0
0
0
0
0
0
0
0
0
0
0
0.125
0.081
0
0
0
0
0
0
0
0
0
0
0
0
0
2.622
0.268
0.139
0
0
0
0
0
0
0
0
0
0
0
0
0
0
0
0
0
0
0.578
0.972
0
0
0
0
0
0
0
0
0
0
0
0
0
0
0
1.39
0
0
0.058
0.065
0.063
0
0
0
0
0.011
0
0
0
0
0
0
0
0
0
0
0
0
0
0
0
0
0
0
0
0
0.004
0.006
0
0
0
0
0
0
0
0
0
0
0
0
0
0
0.015
0.029
0
0
0
0
0
0
0
0
0
0
0
0
0
0
0
0
0
0
0
0
0
0
0
0
0
0
0
0
2.284
0
0.009
0
0
0
0
0
0
0
0
0
0
0
0
0
0
0.03
0.002
0
0
0
0
0
0
0.001
0
0
0
0
0
0
0
0
0
0
0
0
0
0
0
0
0
0
0
0
0
0
2.138
0
0
0.011
0
0
0
0.005
0
0
0
0.004
0
0
0
0.001
0.004
0
0
0
0
0
0
0
0
0
0
0
0
0
0
0
0
0
0
0
0
0
0
0
0
0
0
0
0
0
0
0
2.436
0
0
1.039
0
0
0
0
0
0
0
0
0
0
0
0
0
0.028
0
0
0
0
0
0
0
0
0
0.041
0.322
0.313
0.302
0.983
0.801
0
0
0
0
0
0
0
0
0
0
0
0
0
0
0
1.813
0
0
0
0
0
0
0
0
0
0
0
0
0
0
0
0
0
0
0
0
0
0
0
0
0.03
0.103
0.263
0.353
0.625
0.362
2.191
2.838
0
0
0
0
0
0
0
0
0
0
0
0
0
0
0
0
0
0
0
0
0
0
0
0
0
0
0
0
0
0
0
0
0
0
0
0
0
0
0
0
0
0
0
0
2.327
0
0
0
0
0
0
0
0
0
0
0
0
0
0
0
0
0
0
0
0
0
0
0
0
0
0
0
0
0
0
0
0
0
0
0.098
0.103
0.108
0.079
0.101
0.095
0.099
0.18
0.115
0.097
0.109
0.123
0.12
0.132
0.121
0.076
0
0
0
0
0
0
0
0
0
0
0
0
0
0
0
0
2.288
0
0
0
0
0
0
0
0
0
0
0
0
0
0
0
0
0
0
0
0
0
0
0
0
1.258
0.235
2.344
0.197
0.183
0.278
0.332
0.293
0.029
0
0
0
0
0
0
0
0
0
0
0
0
0
0
0
0
0
2.07
0
0
0
0
0
0
0
0
0
0
0
0
0
0
0
0
0
0
0
0
0
0.006
0.469
0.319
0.38
0.325
2.735
0.087
0
0
0
0
0
0
0
0
0
0
0
0
0
0
0
0
1.996
0
0
0
0
0
0
0
0
0
0
0
0
0
0
0
0
0
0
0
0.027
0.063
0.062
0.067
0.153
0.161
0.327
0.337
0.303
0.313
0.323
1.196
1.414
0
0
0
0
0
0
0
0
0
0
0
0
0
0
0
2.104
0
0
0
0
0
0
0
0
0
0
0
0
0
0
0
0
0
0
0
0
0
0
0
0.048
0.066
0.106
0.166
0.173
0.135
0.948
1.782
0
0
0
0
0
0
0
0
0
0
0
0
0
0
0
0
1.474
0
0
0
0
0
0
0
0
0
0
0
0
0
0
0
0
0
0
0
0
0
0.082
2.236
0
0
0
0.016
0.153
0.219
0.263
0.217
0.013
0
0
0
0
0
0
0
0
0
0
0
0
0
0
0
0
0
0
0
0
0
2.456
0
0
0
0
0
0
0
0
0.448
1.374
0
0
0
1.32
0
0
0
0
0
1.147
1.289
0
0.005
0
0
0
0
0
0
0
0
0
0
0
0
0
0
0
0
0
0
0
0
0
0
0
0
0
0
0
0
0
0
0
0
0
0
0
0
0
2.119
0.065
0.067
0.066
0.067
0.066
0.065
0.06
0.136
0.129
0.128
0.086
0.081
0.08
0.133
0
0
0
0
0
0
0
0
0
0
0
0
0
0
1.554
0
0
0
0
0
0
0
0
0
0
0
0
0
0
0
0
0
0
0
0
0
0
0
0.03
0.063
0.007
0
0
0.067
1.913
0.283
0.238
0
0
0
0
0
0
0
0
0
0
0
0
0
0
0
2.061
0
0
0
0
0.889
0.042
0
0
0
0
0
0
0
0
0
0
0
0.009
0.041
0.011
0.004
0
0
0
0
0.035
0.146
0.352
1.43
0.308
0.325
0.014
0.007
0.004
0.004
0.004
0.004
0.004
0.004
0
0
0
0
0
0
0.002
0.004
1.496
0.004
0.004
0.004
0.004
0.004
0.004
0.004
0.004
0.004
0.004
0.004
0.004
0.004
0.004
0.004
0.004
0.004
0.004
0.004
0.004
0.004
0.004
0.004
0.004
0.004
0.003
1.432
0.844
0.31
0.234
0.002
0
0
0
0
0
0
0
0
0
0
0
0
0
0
0
0
0
0
1.56
1.953
0
0
0
0
0
1.078
0
0
0
0
0
0
0
0
0
0
0
0
0
0
0
0
0
0
0.209
0.269
0.276
0.276
0.014
0
0
0
0
0
0
0
0
0
0
0
0
0
0
0
0
0
0.268
1.907
0
0
0
0
0
0
0
0
0
0
0
0
0
0
0
0
0
0
0
0
0
0
0
0
0
0
0
0
0
0
0
0
0
0
0
0
0
0
0
0
0
0
0
0
0
0
0
0
0
0
0
0
0
0
0
0
0
0
0
0
0
0
0
0
0
0
1.73
0.2
0
0
0
0.072
0.372
0.369
0.356
0.356
0.096
0
0
0
0
0
0
0
0
0
0
0
0
0
0
0
0
1.629
1.915
0.021
0
0
0
0
0
0
0
0
0
0
0
0
0
0
0
0
0
0
0
0
1.202
0.06
0.07
0.152
0
0
0
0
0
0
0
0
0
0
0
0
0
0
0
0
0
0
0
0
0
0
0
0
0
0
0
0
0
0
0
0
0
0
0
0
0
0
0
0
0
0
0
2.443
0.395
0.063
0.094
0.152
0.185
0.154
0.161
0.118
0
0
0
0
0
0
0
0
0
0
0
0
0
0
0
0
0
0
0
0
0
0
0
0
0
0
0
0
0
0
0
0
0
0
0
0
0
0
0
0
0
0
0
0.033
0.171
0.342
0.465
2.481
0.002
0
0
0
0
0
0
0
0
0
0
0
0
0
0
0
1.586
0
0
0
0
0
0
0
0
0
0
0
0
0
0
0
0
0
0
0
0
0
0
0
0
0
0.073
0.098
0.151
0.153
0.444
1.544
0
0
0
0
0
0
0
0
0
0
0
0
0
0
0
0
0
0
0
0
0
0
0
0
0
0
0
0
0
0
0
0
0
0
0
0
0
0
0.028
0.075
2.161
0.072
0.113
0.103
0.157
0.158
0.182
0.154
0.098
0
0
0
0
0
0
0
0
0
0
0
0
0
0
0
0
0
0
0
0
0
0
0
0
0
0
0
0
0
0
0
0
0.026
0.052
0
0
0
0
0
0
0
0
0
0.228
0.632
2.431
0.327
0.31
0
0
0
0
0
0
0
0
0
0
0
0
0
0
0
0
0
0
0
0
0
0
0
0
0
1.389
0
0
0
0
0
0
0
0
0.004
0
0
0
0
0
0
0.04
1.337
0.167
0.169
0.124
0.121
0.121
0.019
0
0
0
0
0
0
0
0
0
0
0
0
0
0
0
0
0
0
0
0
0
0
0
0
0
0
0
0
0
0
0
0
0
0
0
0
0
0.051
0.061
0.064
1.479
0.107
0.106
0.106
0.044
0
0
0
0.003
0
0
0
0
0
0
0
0
0
0
0
0
0
0
0
0
0
0
0
0
0.404
0.958
0.009
0.005
0
0
0
0
0
0
0
0.018
0
1.713
0.009
0.034
0.06
0.065
0.06
0.069
0.089
0.272
0.271
0.273
0.02
0
0
0
0
0
0
0
0
0
0
0
0
0
0
0
0
0
0
0.032
0.006
0
0
0
0
0
0
0
0.001
0
0
0
0
0
0
0
0
0
0
0.018
0.063
0.063
0.042
0
0
0
0.25
1.263
1.562
0.035
0
0
0
0
0
0
0
0
0
0
0
0
0
0
0
0
0
0
1.878
0.845
0
0
0
0
0
0
0
0
0
0
0
0
0
0
2.418
0.049
0
0
0
0
0.028
1.876
0.144
0.324
0.368
0.327
0.074
0
0
0
0
0
0
0
0
0
0
0
0
0
0
0
0
0
0
0.041
0
0
0
0
0
0
0
0
0
0
0
0
0
0
0.006
0.065
0.002
0
0
0
0
0
0
0
1.335
0.522
0.278
0.297
0.278
2.303
0.166
0
0
0
0
0
0
0
0
0
0
0
0
0
0
0
0
0
0
0
0.613
0
0
0
0
0
0
0
0
0
0
0
0
0
0.003
0.038
0
0
0.01
0
0
0.025
0.155
0.184
0
0.094
2.322
0.27
0.229
0
0
0
0
0
0
0
0
0
0
0
0
0
0
0
1.573
0.165
0
0
0
0
0
0
0
0
0
0
0
0
0
0
0
0
0
0
0
0
0
0
0
0.649
2.31
0.147
0.204
0.163
0.146
0.114
0
0
0
0
0
0
0
0
0
0
0
0
0
0
0
0
0
1.087
0.005
0
0
0.032
0
0
0
0
0
0
0
0
0
0
0
0
0
0
0.053
0.104
0.103
0.086
0.035
0.061
0.123
0.421
0.293
0.296
0
0.018
0
0
0
0
0
0
0
0
0
0
0
0
0
0
0
0
0
0
0
0
0
0.037
0.017
0
0
0
0
0
0
0
0
0
0
0
0
0
0
0
0
0
0
0
0
0.374
1.17
0.322
0.288
0.304
0
0
0
0
0
0
0
0
0
0
0
0
0
0
0
0.651
0
0
0
0
0
0
0
0
0
0
0
0
0.009
0
0
0
0
0
0
0
0.898
0
0
0
0
0
0
0
0.002
0.245
1.343
0.329
0.939
1.269
0
0.012
0
0
0
0
0
0
0
0
0
0
0
0
2.882
0.012
0.01
0
0
0
0
0
0
0
0
0
0
0
0
0
0
0
0
0
0
0.21
0.239
0
0.844
0.039
0
0.092
0.163
0.177
0.214
0
0
0
0
0
0
0
0
0
0
0
0
0
0
0
0
0
0
0
0.019
0
0
0
0
0
0
0
0
0
0.002
0
0
0
0
0
0
0
0
0
1.122
0.09
0.095
0.079
0.112
0.101
0.248
1.225
0.161
0.008
0.005
0.004
0.004
0.004
0.004
0.004
0.004
0.004
0.004
0.004
0.004
0.004
0.004
0.701
0.004
0.004
0.004
0.004
0.009
0
0
0
0
0
0
0
0
0
0
0
0
0
0
0
0.003
0
0
0
0
0
0
0
0
0.001
0
0.061
1.194
0.273
0.113
0
0
0
0
0
0
0
0
0
0
0
0
0
0
0
0
0
0
0
0
0
0
0
0
0
0
0
0
0
0
0
0
0
0
0
0
0
0
0
0
0.852
0
0
0
0.003
0.161
0.33
0.338
0.118
0
0
0
0
0
0
0
0
0
0
0
0
0
0
0
1.277
0
3.154
0
0
0
0
0
0
0
0
0
0
0
0
0
0
0
0
1.352
0.005
0.064
0.055
0
0
0.084
0.018
0.011
0.009
0
0.503
0
0
0
0
0
0
0
0
0
0
0
0
0
0
0
0
0
0
0.013
0
0.579
0
0
0
0
0
0
0
0
0
0
0
0
0
0
0
0
0
0.094
0
0
0
0.043
1.234
0
0
0.209
0.258
0
0
0
0
0
0
0
0
0
0
0
0
0
0
0
0
0
0
0.016
0
0.001
0
0
0
0.004
0.001
0
0
0
0
0
0
0
0
0
0
1.004
0.435
0
0
0
0
0
0.059
0.325
0.328
0.325
0.306
0.007
0.004
0.004
0.004
0.004
0.004
0.004
0.004
0.004
0.004
0.004
0.004
0.004
0.004
0.004
0.004
0.004
0.004
0.004
0.004
0.004
0.486
0.004
0.004
0.004
0.024
0.02
0
0
0.066
0
0
0
0
0
0.02
0
0.03
0.102
0.107
0.107
0.126
0.112
0.128
0.123
0.111
0.77
1.007
0
0
0
0
0
0
0
0
0
0
0
0
0
0
0
0
0
0
0.003
0
0
0
0
0
2.489
0
0
0
0
0
0
0
0
0
0
0
0
0
0
0.063
0.055
0.034
0.118
0.594
1.012
0.105
0.081
2.439
0.001
0
0
0
0
0
0
0
0
0
0
0
0
0
0
0
0
0
0.015
0
0
0
0
0
0.565
0.002
0
0
0
0
0
0
0.006
0.025
0
0
0
0.021
0.068
0.066
0.143
0.14
1.779
0.104
0.145
0.105
0.007
0
0
0
0
0
0
0
0
0
0
0
0
0
0
0
0
0
0
0
0
0
0
0
0
0
0
0
0
0
0
0
0
0
0
0
0
0
0
0
0
0
0
0
0.04
0.101
1.148
0.037
0.138
0.288
0.319
0.042
0
0
0
0
0
0
0
0
0
0
0
0
0
0
0
1.197
0
0
0
0
0
0
0
0
0
0
0
0
0
0
0.941
0.092
0
0
0
0
0
0
0
0
0
0.04
0.175
0.08
0.173
0.163
0.008
0.011
0
0.023
0
0
0
0
0
0
0
0
0
0
0
0
0
0
2.521
0
0
0
0
0
0
0
0
0
0
0
0
0
0
0.006
0.024
0
0
0
0
0.002
0.117
0.168
0.326
0.332
0.312
0.317
0.285
1.761
0
0
0
0
0
0
0
0
0
0
0
0
0
0
0
0
0
0.54
0
0
0
0
0
0
0
0
0
0
0
0
0
0
0
0
0
0
0
0
0
0
0
0
0
0.148
0.3
0.269
0.281
0.269
0.009
0
0
0
0
0
0
0
0
0
0
0
0
0
0
0
0
0
0.016
0
0.163
0.179
0
0
0
0
0
0
0
0.003
0
0
0
0
0
0
0
0
0
0
0
0.047
0.019
1.93
0.12
1.709
0
0
0
0
0
0
0
0
0
0
0
0
0
0
0
0
1.258
0.032
0
0
0.584
0
2.501
0
0
0
0
0
0
0
0.009
0
0
0
0
0
0
0
0
0
0.016
0.07
0.066
0.124
0.11
0.141
0.304
0.376
0.361
0.005
0.005
0.005
0.005
0.005
0.005
0.005
0.005
0.005
0.005
0.005
0.005
0.005
0.005
0.005
0.005
0.005
0.005
0.005
0.013
0.005
0.005
0.006
0.005
0.005
0.005
0.005
0.005
0.005
0.005
0.005
0.005
0.005
0.005
0.005
0.005
0.005
3.31
1.208
0.005
0.005
0.015
2.027
0.079
0.064
0.005
0.005
0.005
0.005
0.005
0.005
0.005
0.005
0.005
0.005
0.005
0.005
0.005
0.005
0.005
0.005
0.005
0.005
0.005
0.005
0.005
0.005
0.005
0.005
0.005
0.005
0.005
0.005
0.005
0.005
0.005
0.005
0.005
0.005
0.005
0.005
0.005
0.005
0.005
0.005
0.005
0.027
0.005
0.005
0.005
0.005
0.005
0.005
0.279
0.332
0.318
0.282
2.23
0.006
0.005
0.005
0.005
0.005
0.005
0.005
0.005
0.005
0.005
0.005
0.005
0.005
0.005
0.005
0.005
0.005
0.005
1.917
0.005
0.005
0.005
0.005
0.005
0.005
0.005
0.005
0.005
0.005
0.026
0.035
0.005
0.005
0.014
0.005
0.005
0.005
0.005
0.005
0.005
0.005
0.005
0.165
0.328
0.391
0.336
0.21
0.005
0.005
0.005
0.005
0.005
0.005
0.005
0.005
0.005
0.005
0.005
0.005
0.005
0.005
0.005
0.005
0.005
0.005
0.005
0.005
0.005
0.005
0.005
0.005
0.005
0.005
0.005
0.005
0.005
0.005
0.005
0.005
0.005
0.005
0.005
0.005
0.005
0.007
0.005
0.005
0.005
0.016
0.118
0.148
0.282
1.244
0.319
0.328
2.057
0.007
0.005
0.005
0.005
0.005
0.005
0.005
0.005
0.005
0.005
0.005
0.005
0.005
0.005
0.005
0.005
0.005
0.005
0.005
0.005
0.005
0.005
0.005
0.005
0.005
0.005
0.005
0.005
0.005
0.005
0.005
0.005
0.005
0.005
0.005
0.005
0.005
0.052
0.131
0.233
0.302
1.779
0.31
0.309
0.312
0.205
0.005
0.005
0.005
0.005
0.005
0.005
0.005
0.005
0.005
0.005
0.005
0.005
0.005
0.005
0.005
0.005
0.005
0.005
0.001
0
0
0
0
0
0
0
0
0
0
0
0
0
0
0
0
0
0
0
0
0
0.009
0.055
0
0.033
0.269
0.182
0.108
0.125
0.025
0
0
0
0
0
0
0
0
0
0
0
0
0
0
0
0
0
0
0
0
0
0
0
0
0
0
0
0
0
0
0
0
0
0
0
0
0
0
0
3.025
0
0
0
0.048
0.077
0
0
0
0
0
0
0
0
0
0
0
0
0
0
0
0
0
0
0
0
0
0
0
0
0
0
0
0
0
0
0
0
0
0
0
0
0
0
0
0
0
0
0
0.014
2.009
0.407
0.1
0.104
0.431
2.398
0
0
0
0
0
0
0
0
0
0
0
0
0
0
0
0
0
0
0
0
0
0
0
0
0.002
0
0
0
0
0
0
0
0
0
0
0
0
0
0
0
0
0
0.028
0.272
0.28
0.392
0.274
2.41
0.047
0
0
0
0
0
0
0
0
0
0
0
0
0
0
0
0
0
1.076
0.029
0
0
0
0
0
0
0
0
0
0
0
0
0
0
0
0
0
0.022
1.533
0.047
0.032
0
0.023
0.142
0.124
0.126
0.099
0
0
0
0
0
0
0
0
0
0
0
0
0
0
0
0
0
0
0
2.33
0
0
0
0
0
0
0
0
0
0
0
0
0
0
0
0
0
0
0
0
0
0
1.563
0.107
0.115
0.225
0.331
0.346
0.114
0
2.679
0.035
0
0.003
0.004
0.004
0.008
0.001
0.004
0.004
0
0
0
0
0
0
0
0
0
0
0
0
0
0
0
0
0
0
0
0
0
0
0
0
0
0
0.049
0
0
0.024
0.041
0.016
0.028
1.974
0.443
2.375
0
0
0
0
0
0
0
0
0
0
0
0
0
0
0
0
0
0
0
0
0
0
0
0
0
0
0
0
0
0
0
0
0
0
0
0
0
0
0
0
0
0
0
0
0
0
0
0
0
0
0
0
0
0
0
0
0
0
0
0
0
0
0
0
0
0
0
0
0
0
0
0
0
0
0
0
0
0
0
0
0
0
0
0
0
0
0
0
0
0
0
0
0
0
0
0
0
0
0
0
0
0
0
0
0
0
0
0
0
0
0
0
0
0
0
0
0
0
0
0
0
0
0
0
0
0
0
0
0
0
0
0
0
0
0
0
0
0
0
0
0
0
0
0
0
0
0
0
0
0
0
0
0
0
0
0
0
0
0
0
0
0
0
0
0
0
0
0
0
0
0
0
0
0
0
0
0
0
0
0
0
0
0
0
0
0
0
0
0
0
0
0
0.29
2.683
0.323
0.122
0.005
0.004
0.004
0.004
0.004
0.004
0.004
0.004
0.004
0.004
0.004
0.004
0.004
0.004
0.004
0.004
0.004
0.004
0.004
0.004
0.001
0
0
0
0
0.006
0.036
0.011
0
0
0
0
0
0
0
0
0
0
0
0
0.037
1.862
0.298
0.008
0
0
0
0
0
0
0
0
0
0
0
0
0
0
0
0
0
0
0
0
0
0
1.502
0
0
0
0
0
0
0
0.008
0
0
0
0
0
0
0
0
0
0
0
0
0
0
0
0
0
0
0
0
0
0
0
0
0
0
0
0
0
0
0
0
0
0
0
0
0
0
0
0
0
0
0
0
0
0.005
0.007
0
0
0
0
0
0
0
0
0
0
0
0.017
0.012
0.326
0.214
0.171
0.731
1.848
0.286
0.326
0.169
0
0
0
0
0
0
0
0
0.005
0
0
0
0
0
0
0
0
0
0.023
0
0
0
0
0
0
0
0
0
0
0.046
0
0
0
0
0
0.012
0.103
0.123
0.12
0.107
0.184
0.126
0.252
0.291
0.297
0.294
0.86
1.148
0
0
0
0
0
0
0
0
0
0
0
0
0
0
0
0
0
0
0
0
0
0
0
0
0
0
0
0
0
0
0
0
0
0
0
0
0.006
0
0
0
0
1.568
0.307
0.295
0.153
0
0
0
0
0
0
0
0
0
0
0
0
0
0
0
0
0
0
0
0
0
0
0
0
0
0
0
0
0
0
0
0.007
0.18
0
0
0
0
0
0
0
0
0
0.499
1.174
0.102
0.217
0.185
0.05
0
0
0
0
0
0
0
0
0
0
0
0
0
0
0
0
0
0
0
0
0
0
0
0
0
0
0
0
0
0
0
0
0
0
0
0
0
0
0
0
0
0
0
0
0.056
0.088
0.189
0.355
1.398
0
0
0
0
0
0
0
0
0
0
0
0
0
0
0
0
0
0
0
0
0
0
0
0
1.843
0.072
0.067
0.065
0.058
0
0.006
0.038
0.027
0.021
0.011
0.007
0.004
0.004
0
0
0
0
0.135
0.21
0.212
0.126
0.004
0.007
0.004
0.017
0.004
0.004
0.004
0.004
0.004
0.004
0.004
0.003
0
0
0
0
0
0
0
0
0
0.011
0
0
0
0
0
0
0
0
0
0
0
0
0
0
0
0
0
0
0
0.058
0.074
0.271
0.323
0.327
0.315
2.061
0.25
0.24
3.231
0.06
0
0
0
0
0
0
0
0
0
0
0
0
0
0
0
0
0.001
0
0
0
0
0.37
0
0.001
0
0
0
0.003
0.02
0
0
0
0
0
0
0
0
0
0.039
0.093
0.116
0.17
0.098
0.242
0.132
0.019
0
0
0
0
0
0
0
0
0
0
0
0
0
0
0
0
0
0
0.025
1.578
0
0
0
0
0
1.821
0
0
0
0
0
0
0
0
0
0.001
0
0
0
0
0
0
0.004
0
1.467
0.085
1.639
0.046
0
0
0
0
0
0
0
0
0
0
0
0
0
0
0
0
0
0
0.02
0
0
0
0
0
0
0
0.058
0.067
1.634
0
0
0
0
0
0
0
0
0
0
0
0
0
0
0
0.021
0.015
1.721
0
0
0
0
0
0
0
0
0
0
0
0
0
0
0
0
0
0
0
0.017
0.387
0
0
0
0.016
0
0
0
0
0
0.006
0
0
0
0
0
0
0
0
0.888
0
0.029
0.079
0.122
0.121
0.196
0.141
0.113
0.304
0.309
0.006
0
0
0
0
0
0
0
0
0
0
0
0
0
0
0
0
0
0
0
0
0
0
0
0
0
0
0.022
0
0
0
0
0
0
0.02
0.025
0.011
0.011
0.011
0.011
0.011
1.338
0.212
0.269
0.159
0
0
0
0
0
0
0
0
0
0
0
0
0
0
0
0
0
0
0
0
0
1.809
0
0
0
0
0
0
0
0
0
0
0
1.66
0
0
0
0
0
0
0
0
0
0
0
0.004
0
0
0.002
0
0
0
0
0
0
0
0
0
0
0
0
0
0
0
0
0
0
0
0
0
0
0
0
0
0
0
0
0
0
0
0
0
0
0
0
0
0.11
0.182
0.167
1.524
0.089
1.472
0.427
0.048
0.17
0.379
0.274
0.272
0.208
0
0
0
0
0
0
0
0
0
0
0
0
0
0
0
0
0
0
0
0
0
0
0
0
0
0.025
0
0
0
0
0.072
0.145
0.104
0.119
0.11
0.075
0.026
0.072
0.105
0.13
0.084
0.162
0.171
0.369
0.341
0.284
0.34
0.002
0
0
0
0
0
0
0
0
0
0
0
0
0
0
0
0
0
0
0.011
0
0.001
0
0.01
0.739
0
0
0
0
0
0
0
0
0
0
0
0.013
1.706
0
0.049
0.04
0.053
1.193
0.182
0.011
0.122
2.61
0.006
0
0
0
0
0
0
0
0
0
0
0
0
0
0
0
0
0
0
0.013
0
0
0
0
0
0
0
0
0
0
0
0
0.001
0
0
0
0
0
0
0
0
0
0.01
0.002
0.001
0.187
0.142
0
0
0
0
0
0
0
0
0
0
0
0
0
0
0
0
0
0
0
0
0.005
0.033
0
0
0
0.001
0
0
0
0
0
0
0
0
0
0
0
0
0
0
0
0.035
0.064
0.105
0.108
0.194
0.033
0.001
0
0
0
0
0
0
0
0
0
0
0
0
0
0
0
0
0
0
0
0
0.016
0.009
0.011
0.011
0.011
0.011
0.011
0.011
0.011
0.011
0.011
0.011
0.011
0.011
0.011
0.011
0.011
0.011
0.011
0.011
0.011
0.011
0.037
0.09
0.104
0.104
0.15
0.067
0
0
0
0
0
0
0
0
0
0
0
0
0
0
0
0
0
0
0.007
0.603
0
0
0
0
0
0
0
0
0
0
0
0
0
0
0
0
0
0
0
0
0
0
0
0
0
0.17
0.276
0.257
0
0
0
0
0
0
0
0
0
0
0
0
0
0
0
0
0
0
0
0
0
0
0
0
0
0.064
0.056
0
0
0
0
0
0
0
0
0
0
0
0
0
0
0.066
0.063
0.067
0.089
0.08
0.095
0.007
0
0
0
0
0
0
0
0
0
0
0
0
0
0
0
0
0
0
0
0
0.037
0.006
0
0
0
0
0
0.011
0
0
0.001
0
0
0
0
0
0
0
0
0
0
0
0
0.146
0.283
0.278
0.272
0.28
0.248
0.108
0
0
0
0
0
0
0
0
0
0
0
0
0
0
0
0
0
0
0.005
0.013
0
0
0
0
0.002
0
0.003
0
0
0
0
0
0
0
0
0
0
0
0.007
0.062
0.07
0.09
0.141
0.235
0.276
0.174
0
0
0
0
0
0
0
0
0
0
0
0
0
0
0
0
0
0
0
0.001
0.026
0.011
0
0
0.851
0
0
0
0
0
0
0
0
0
0
0
0
0
0
0
0
0
0
0
0
0
0
0
0
0
0
0
0
0
0
0
0
0
0
0
0
0
0
0
0
0
0
0
0.011
0
0
0
0
0
0
0
0
0.002
0
0
0
0
0
0
0
0
0
0
0
0
0.017
0.27
0.274
0.279
0.527
0.271
0.105
0
0
0
0
0
0
0
0
0
0
0
0
0
0
0
0
0
0
0
0.003
0
0
0.001
0
0
0
0
0
0
0
0
0
0
0
0
0
0
1.004
0
0
0
0
0.072
0.266
0.267
0.268
0.275
0.105
0
0
0
0
0
0
0
0
0
0
0
0
0
0
0
0
0
0
0
0
0
0
0
0
0
0
0
0
0
0
0
0
0
0
0
0
0
0
0
0.005
0.011
0.011
0.011
0.011
0.109
0.271
0.273
0.228
0
0
0
0
0
0
0
0
0
0
0
0
0
0
0
0
0
0
0
0
0.015
0
0
0
0
0.019
0
0
0
0
0
0
0
0
0
0
0
0
0
0
0
0
0
0.009
0
0
0.123
0.152
0
0
0
0
0
0
0
0
0
0
0
0
0
0
0
0
0
0
0
0.001
0.023
0.652
0.003
0
0.015
0
0
0
0
0
0
0
0
0
0
0
0.024
0.008
0
0
0
0
0.002
0
0.148
0.303
0.297
0.219
0
0
0
0
0
0
0
0
0
0
0
0
0
0
0
0
0
0
0
0
0.029
0
0
0
0.012
0.011
0.011
0.012
0
0
0
0
0
0
0
0
0
0
0
0
0
0
0
0
0.248
0.305
0.239
0
0
0
0
0
0
0
0
0
0
0
0
0
0
0.827
0
0
0
0
0
0.054
0.029
0
0
0
0
0
0
0
0
0
0
0
0
0
0
0
0
0
0.003
0.019
0.066
0.105
0.097
0
0
0
0
0
0
0
0
0
0
0
0
0
0
0
0
0
0
0
0
0
0
0
0
0
0.017
0
0
0
0
0.031
0
0
0
0
0
0
0
0
0
0
0
0
0
0
0
0
0
0
0
0.014
0.002
0
0.001
0
0
0
0.009
0
0
0
0
0
0
0
0
0
0
0
0
0
0
0
0
0
0
0
0
0
0
0.002
0
0
0
0
0
0
0
0
0
0
0
0
0
0.048
0.091
0.104
0.193
1.447
0
0
0
0.005
2.421
0.002
0
0
0
0.002
0
0
0
0
0
0
0
0
0.879
0
0.601
0
1.839
0.047
0
0
0
0
0
0
0
0
0
0.027
0.047
0
0
0
0.004
0.067
0.065
0.063
0
0
0
0.231
0.35
0.356
0.121
0.117
0.135
0.082
0.028
0
0
0
0
0
0
0
0
0
0
0
0
0
0
0
0
0
0
0
0
0
0
0
0
0
0
0.017
1.922
0
0
0
0
0
0
0
0
0.007
1.164
0.064
0.303
0.332
0.323
0.423
0.321
0.45
0
0
0
0
0
0
0
0
0
0
0
0
0
0
0
0
0
0
0
0
0.025
0
0
0
0
0
0
0
0
0
0.001
0.025
0
2.635
0
0
0
0
0
0
0
0
0
0.015
0.098
0.069
0
0
0
0
0
0
0
0
0
0
0
0
0
0
0
0
0
0
0
0
1.746
0
0
0
0
0.602
0
0.003
0.015
0
0
0
0
0
0
0
0
0
0
0
0
0
0
0
0
0
0
0.304
0.299
0.055
0
0
0
0
0
0
0
0
0
0
0
0
0
0
0
0
0
0
0.002
0.008
0
0
0
0
0.012
0
0
0
0
0
0
0
0
0
0
0
0
0.021
0
0
0
0
0
0
0
0
0
0
0
0
0
0
0
0
0
0
0
0
0
0
0
0
0
0
0
0
0
0
0
0
0
0
0
0
0
0
0
0
0
0
0
0
0
0
0
0
0
0.009
0.127
1.17
0.155
0.078
1.476
0.096
0.106
0.107
0.146
0.106
0.024
0
0
0
0
0
0
0
0
0
0
0
0
0
0
0
0
0
0
0
0
0
1.52
0
0
0
0
0.006
0
0
0.499
2.938
0
0
0
0
0
0
0
0.056
2.736
1.329
0.317
0.07
0.305
0.305
0.355
0.341
0.146
0
0
0
0
0
0
0
0
0
0
0
0
0
0
0
0
0
0
0.713
2.588
0
0
0
0
0
0
0
0
0
1.559
0
0
0
0
0
0
0
0
0
0
0.004
0
0
0
0
0
0
0
0
0
0
0
0
0
0
0
0
0
0
0
0
1.271
0.723
0
0
0
0
0
0
0
0.007
0
0.047
0
0.021
0
0
0
0
0.057
0.005
0.032
0.052
0
0
0.002
0.107
0.116
0.016
0.007
0
0
0
0
0
0
0
0
0
0
0
0
0
0
0
0
0
0
0
0
1.888
0
0
0
0
0
0
0
0
0
0
0
0
0
0
0
0
0
0
0
0.025
0.065
0
0
1.664
0
0
1.343
0.835
0
0
0
0
0
0
0
0
0
0
0
0
0
0
0
0
0
0
0
1.875
0
0
0.018
0
0
0
0
0
0
0
0
0
0
0
0
0
0
0
0.024
0
0
0
0.006
0.168
1.333
2.252
0.339
0.294
0.302
0.418
0.241
0
0
0
0
0
0
0
0
0
0
0
0
0
0
0
2.116
1.697
0
0
0
0.022
0.027
0.023
0.013
0.008
0.005
0.004
0.004
0.004
0.004
0.004
0.004
0.004
0.004
0.004
0.004
0.004
0.004
1.007
0.808
0
0.226
0.124
0.177
0.119
0.115
0
0.006
0
0
0
0
0
0
0
0
0
0
0
0
0
0
0
0
1.926
0
0.012
0.021
0
0
0
0
0
0
0
0
0
0
0
0
0
0
0
0
0
0
0
0
0
0
1.939
0.287
0.337
0.334
0.396
0.304
0.075
0
0
0
0
0
0
0
0
0
0
0
0
0
0
0
0
0
0
0
0
0
0
0.001
0.049
0.03
0
0
0
1.147
0.085
0.003
0.817
0.005
0
0.963
0
0
0
0
0.011
0
0
0
0
0
0
0.008
0
0
0
0
0
0
0
0
0
0
0
0
0
0
0
0
0
0
0
0
0
0
1.366
0
0
0
0
0
0
0
0
0
0
0
0.034
0.072
0.07
0
0
0
0
0
0.096
0.28
0
0
0
0
0.019
0
0
0
0
0
0
0
0
0
0
0
0
0
0
0
1.954
0
0
0
0
0
0
0
0
0
0
0
0
0
0
0
0
0
0
0
0
0.077
0
0
0
0
0
0
0
0
0
0
0.002
0.003
0
0
0
0
0
0
0
0
0
0
0
0
0
0
1.841
0
0.016
0.005
0
0
0
0
0
0.008
0
0
0
0
0
0
0
0
0
0
0
0
0
0
0
0
0
1.145
0
0
0
0
0
0.002
0
0
0
0
0
0
0
0
0
0
0
0
0
0
2.213
0
0
0
0
0
0
0
0
0
0
0
0
0
0
0
0
0
0
0
0
0
0
0
0
0
0
0.002
0
0
0
0
0
0
0
0
0
0
0
0
0
0
0
0
0
0
0
0
0
0
0
1.683
0
0
0
0
0
0
0
0
0
0
0
0
0
0
0
0
0
0
0
0
0
0
0
0.015
0
0
0
0
0
0
0
0
0
0
0
0
0
0
0
0
0
0
0
0
1.707
0.011
0
0
0
0
0
0
0
0.067
0.14
0
0
0
0
0
0
0
0
0
0
0
0.045
2.639
0.004
0
0
0
0.174
0.179
0
0
0
0
0
0.002
0
0
0
0
0
0
0
0
0
0
0
0
0
0
0
0
0
0
0
0
0
0
0
0
0
0
0
0
0
0
0
0
0
1.378
0
0
0
0
0
0
0
0
0
0
0
0
0
0
0
0
0
0
0
0
0
0
0
0
0
0
0
0
0
1.715
0
0
0
0
0
0
0
0
0
0
0
0
0
0
0
0
0
0
0
0
0
0.005
0
0
0
0
0
0
0
0
0
0
0
0
0
0
0
0
0
0
0
0
0
0
1.914
0
0
0.022
0.012
0
0
0
0
0
0
0
0
0
0
0
0
0
0
0
0
0.006
0.065
0.056
0
0.165
0.237
0.236
0.234
0.238
0.14
0
0
0
0
0
0
0
0
0
0
0
0
0
0
0
0
0.165
1.572
0
0
0.021
0
0
0
0
0
0
0
0
0
0
0
0
0
0
0.012
0
0
0
0
0
0.238
0.036
0
0
0.001
0
0
0
0
0
0
0
0
0
0
0
0
0
0
0
0
0
0
0
2.044
0
0.632
0.005
0
0
0
0
0
0
0
0
0
0
0
0
0
0
0
0
0.024
0
0.002
0
0.001
0.008
0.189
0.121
0
0.005
0
0
0
0
0
0
0
0
0
0
0
0
0
0
0
0
2.021
0
0
0
0
0.01
0
0
0
0
0
0
0
0
0
0
0
0
0
0
0
0
0
0
0
0.049
0.003
0
0.354
0.343
0.344
0.304
1.84
0
0
0
0
0
0
0
0
0
0
0
0
0
0
0
0
0
0
0
0.566
0.004
0
0
0
0
0
0
0
0
0
0
0
0
0
0
0
0
1.445
0
0.01
0.098
0.16
0.683
0.146
0.146
0.139
0.146
1.445
0.34
0
0
0
0
0
0
0
0
0
0
0
0
0
0
0
0
0
0
0
0
1.574
0
0
0
0
0
0
0
0
0
0
0
0
0
0
0
0
0
0
0
0
0.005
0.005
0.011
0.813
0.003
0
0
0
0
0
0
0
0
0
0
0
0
0
0
0
0
0
0
0
0
0
0
0
0
0
0
0
2.014
0.019
0
0
1.825
0.109
0.101
0.073
0.071
0.061
0
0
0
0
0
0.253
0.332
0.331
0.344
0.337
0.322
0.372
0.398
0.008
0
0
0
0
0
0
0
0
0
0
0
0
0
0
0
0
2.295
0
0
0
0
0
0
0
0
0
0
0
0
0
0
0
0
0
0
0
0
0
0
0.002
0
0
0
0
0
0
0
0
0
0
0
0
0
0
0
0
0
0
0
0
0
0
0
1.706
0
0
0
0
0
0
0
0
0
0
0
0
0
0
0
0
0
0
0
0
0
0
0
0
0
0
0.001
1.34
0.012
0
0
0
0
0
0
0
0
0
0
0
0
0
0
0
0
0
0
1.597
0
0
0
0
0
0
0
0.308
1.04
0.058
0
0
0
0
0
0
0
0
0
0
0
0
0.006
0
0
0
0
0
0
0
0
0
0
0
0
0
0
0
0
0
0
0
0
0
0
0
0
1.66
0
0
0
0
0
0
0
0
0
0
0
0
0
0
0
0
0
0
0
0
0
0
0
0
0
0
0
0
0
0.001
0
0
0
0
0
0
0
0
0
0
0
0
0
0
0
0
0
1.697
0
0
0
0
0
0
0
0
0
0
0
0
0
0
0
0
0
0
0
0
0
0
0
0
0.01
0.004
0
0
0
0
0
0
0
0
0
0
0
0
0
0
0
0
0
0
0
0
0
0
0
0
0
1.619
0
0
0
0
0
0
0
0
0
0
0
0
0
0
0
0
0
0
0.156
0.044
0
0.001
0
0
0.001
0
0
0
0
0
0
0
0
0
0
0
0
0
0
0
0
0
0
0
0
1.089
0
0
0
0
0
0
0
0
0
0
0
0
0
0
0
0
0
0
0
0
0
0.05
1.371
0.196
0.196
0.194
0.1
0.002
0
0
0
0
0
0
0
0
0
0
0
0
0
0
0
0
0
0
0
0
1.236
0
0
0
0
0
0
0
0
0
0
0
0
0
0
0
0
0
0
0
0
0
0
0
0
0
0
0
0
0
0
0
0
0
0
0
0
0
0
0
0
0
0
0
0
1.868
0
0
0
0
0
0
0
0
0
0
0
0
2.902
0.805
0
0
0
0
0
0
0
0
0
0
0
0
0
0.011
0.001
0
0
0
0
0
0
0
0
0
0
0
0
0
0
0
0
0
0
1.988
0
0
0
0
0
0
0
0
0
0
0
0
0
0
0
0
0
0
0
0
0
0
0
0
0
0
0
0.043
0
0
0
0
0
0
0
0
0
0
0
0
0
0
0
0
0
0
0
2.05
0
0
0
0
0
0
0
0
0
0
0
0
0
0
0
0
0
0
0
0
0
0
0
0.041
0
0
0
0
0
0
0
0
0
0
0
0
0
0
0
0
0
0
0
0
0
0
0
0
1.862
0
0
0
0
0
0
0
0
0
0
0
0
0
0
0
0
0
0
0
0
0
0.079
0.014
0
0
0
0
0
0
0
0
0
0
0
0
0
0
0
0
0
0
0
0
0
0
0
0
0
0
0
0
0
0
0.006
0.013
0
0
0
0
0
0
0
0
0
0
0
0
0
0
0
0.009
0.137
0.207
0.135
0.157
0
0
0
0
0
0
0
0
0
0
0
0
0
0
0
0
0
0
0
0
2.064
0.001
1.226
0
0
0
0
0
0
0
0
0
0
0
0
0
0
0
0
0
0
0
0
0.001
0
0
0.003
0
0
0
0
0
0
0
0
0
0
0
0
0
0
0
0
0
0
0
0
2.371
0
0
0
0
0
0
0
0
0
0
0
0
0
0
0
0
0
0
0
0
0
0
0
0
0
0
0
0
0
0
0
0
0
0
0
0
0
0
0
0
0
0
0
0
0
0
0
1.606
0
0
0
0
0
0
0
0
0
0
0
0
0
0
0
0
0
0
0
0
0
0
0
0
0
0
0
0
0
0
0
0
0
0
0
0
0
0
0
0
0
0
0
0
0
0
0
2.108
0
0
0
0
0
0
0
0
0
0
0
0
0
0
0
0
0
0
0
0
0
0
0
0
0
0
0
0
0
0
0
0
0
0
0
0
0
0
0
0
0
0
0
0
0
0
0
2.355
0
0
0
0
0
0
0
0
0
0
0
0
0
0
0
0
0
0
0
0
2.206
0
0.002
0
0
0
0
0
1.569
0
0
0
0
0
0
0
0
0
0
0
0
0
0
0
0
0
0
0
0.288
1.179
0
0
0
0
0
0
0
0
0
0
0
0
0
0
0
0
0
0
0
0
0
0
0
0
0
0
0
0
0
0
0
0
0
0
0
0
0
0
0
0
0
0
0
0
0
0
0
0
0
0
0
0
0
0
0
0
0
0
0
0
0
0
0
0
0
0
0
0.415
1.876
0.06
0
0.314
0.036
0.037
0.032
0.04
0.034
0.054
0.043
0.053
0.039
0.051
0.044
0.053
0.034
0
0
0
0
0
0
0
0
0
0
0
0
0
0
0
0
0
0
0
0
0
0
0
0
0
0
0
0
0
0
0
0
0.002
0.016
0
0
0
0
0
0
0
0
0
0
0
0
0
0
0
0
0
0
0
0
0
0
0.001
0
0
0
0
0
0
0
0
0
0
0
0
0
0
0
0
0
0
0
0
0
0
0
0
0.187
0.301
0.418
0.82
0.356
0
0
0
0
0
0
0
0
0
0
0
0
0
0
0
0
0
0
2.518
0
0
0
0
0
0
0
0
0
0
0
0
0
0
0
0
0
0
0
0
0
0
0.005
0
0
0
0.008
0
0.1
0.296
0.222
0
0
0
0
0
0
0
0
0
0
0
0
0
0
0
0
2.082
0
0
0
0
0
0
0
0
0
0
0
0
0
0
0
0
0
0
0
0
0
0.003
0
0
0
0
0
0
0
0
0
0
0
0
0
0
0
0
0
0
0
0
0
0
0
0
0
0
2.03
0.318
0
0
0
0
0
0
0
0
0
0
0
0
0
0
0
0
0
0
0
0
0
0
0
0
0
0
0
0
0
0
0
0
0
0
0
0
0
0
0
0
0
0
0
0
0
2.368
0
0
0
0
0
0
0
0
0
0
0
0
0
0
0
0
0
0
0
0
0.004
0.027
0.008
0.127
0.128
0.133
0.127
0.079
0.205
1.701
0
0
0
0
0
0
0
0
0
0
0
0
0
0
0
0
0
0
0
0
0
0
0
0
0
0
0
0
0
0
0
0
0
0
0
0
0
0
1.077
0
0.133
0.299
0.294
0.168
0.159
0
0
0
0
0
0
0
0
0
0
0
0
0
0
0
0
0
0
0
0
0
0
0
0
0
0
0
0
0
0
0
0
0
0
3.19
0
0
0
0
0.05
0.043
0.159
0
0
0.084
0.037
0.043
0.038
0.037
0.071
0.064
0.043
0
0
0
0
0
0
0
0
0
0
0
0
0
0
0
0
1.951
0
0
0
0
0
0
0
0
0
0
0
0
0
0
0
0
0.027
0.008
0
0
0
0
0
0
0.204
0.301
0.081
0
0
0
0
0
0
0
0
0
0
0
0
0
0
0
0
0
0
0
0
0
0.395
1.986
0.02
2.253
0
0
0
0
0
0
0
0
0
0
0
0
0
0
0
0
0.001
0.004
0
0
0
0
0
0
0
0
2.217
0
0.039
0.002
0
0
0
0
0
0
0
0
0
0
0
0
0
0
0
0
0.628
0
0
1.023
0
0
0
0
0
0
0
0
0
0
0
0
0
0
0
0.004
0.002
0
0.056
0.296
0.291
0.162
0.162
0.162
0.162
0.161
0.162
0.162
0.163
0.162
0.163
0.163
0.163
0.163
0.163
0.163
0.163
0.162
0.16
0.161
0.161
0.16
0.159
0.159
0.068
0
0
0
0
0
0
0
0
0
0
0
0
0
0
0
0
0
0
0.001
0
0
0.123
0.006
0.015
0
0
0
0
0
0
0
0
0
0
0
0
0
0
0
0
0
0
1.414
0
0
0
0
0
0
0
0
0
0
0
0
0
0
0
0
0
0
0
0
0
0
0.002
0.002
0.023
0.006
0
0.006
0
0
0
0
0.001
0
0
0
0
0
0
0
0
0
0
0
0
0
0
0
0
0
0
0
0
0
0
0
0
0
0
0
0
0
0
0.008
0.008
0.001
0
0
0
0
0
0
0
0.118
0.203
0.232
0.247
0.146
0.103
0
0
0
0
0
0
0
0
0
0
0
0
0
1.372
0.045
0.026
0.003
0.001
0.029
0.011
0.612
0
0
0
0
0
0
0
0
0
0
0
0
0
0
0
0
0
0
0.003
0.001
0
0
0
0
0
0
0
0.012
0
0
0
0
0
0
0
3.347
0
0
0
0
0
0
0
0
0
0.004
0.013
0.644
0
0
0
0
0
0
0
0
0
0
0.013
0
0
0
0
0
0
0
0.002
0
0
0.034
0
0
0
0
1.789
0
0
0
0
0
0
0
0
0
0
0
0
0
0
0
0
0
0
0
0
0
0
0
0
0
0
0
0
0
0
0
0
0
0
0
0
0.344
0
0
0
0
0
0
0
0
0.005
0
0
0
0
0
0
0
0
0
0
0
0
0
0
0
0
0
0
0
0
0
0
0
0
0
0
0
0
0
0
0
0
0
0
0.004
0
0
0
0
0.026
0.022
1.808
0
0
0
0
0
0
0.017
0
0
0
0
0
0
0
0
0
0
0
0
0
0
0
0
0
0
0
0
0
0
0.025
0
0
0
0
0.019
0.012
0.011
0.021
0
0
0
0
0
0
0
0
0
0.054
0.019
0
0
0
0
0
0
0.003
0
0
2.557
0
0
0
0
0
0
0
0
0
0
0
0
0
0
0
0
0
0
0
0
0
0
0.005
0
0
0.039
0
0
0
0
0
0.029
0.053
0.024
0.125
0.134
0.18
0.139
0.132
0.147
0.206
0.19
0.13
0.121
0.151
0.184
0.077
0
0
0
0
0
0
0
0
0
0
0
0
0
0
0
0
0
0
0
0
0
0
0
0
0
0.57
0
0
0
0
0
0
0
0
0
0
0.306
0
0
0
2.051
0.305
0.14
0.129
0.002
0
0.019
0
0
0.014
0.003
0
0
0
0
0
0
0
0
0
0
0
0
0
0
0.005
0.027
0
0
0
0
0
0
0
0
0
0
1.791
0.001
0
0
0
0.001
0
0.376
0.79
0.083
0.267
0.159
0.237
0.237
0.238
0.235
0
0
0
0
0
0
0
0
0
0
0
0
0
0
0
0
0
0
0
3.704
0.044
0
0
0
0
0
0
0
0
0
0
0
0
0
0
0
0.081
0.002
0
0
0
0
0
0.001
0.001
0
0
0
0
0.063
0.241
0.011
0
0
0
0
0
0
0
0
0
0
0
0
0
0
0
0
0
0
0.001
0
0
0
0
0
0
0
0.002
0
0
0
0
0
0
0
0
0
0
0.009
0.296
1.923
0.068
1.038
2.511
0.44
0.303
0.1
0
0
0
0
0
0
0
0
0
0
0
0
0
0
0
0
0
2.587
0
0
0
0
0
0
0
0
0
0
0
0
0
0
0
0
0
0
0
0
0
0
0
0.263
0.299
0.301
0.302
0.299
0.298
0.225
0
0
0
0
0
0
0
0
0
0
0
0
0
0
0
0
0
0
2.295
0
0
2.454
0
0
0
0
0
0
0
0
0
0
0
0
0
0
0
0.003
0.075
0.149
0.287
0.026
0.028
0.027
0.039
0.028
0.024
0
0
0
0
0
0
0
0
0
0
0
0
0
0
0
0
0
0
1.265
1.059
0
0
0
0
0
0
0
0
0
0
0
0
0
0
0
0
0
0.069
0
0.005
0
0
0.098
1.513
0.231
0
0
0
0.067
0.001
0
0
0
0
0
0
0
0
0
0
0
0
0
0
0
0
0
0
0
0
0.003
0.015
0
0
0
0
0
0
0
0
0
0
0
0
1.694
0.034
0.059
0.025
0
0.047
0.116
0.101
1.39
0.657
0.586
0.105
0.002
0.008
0
0
0
0
0
0
0
0
0
0
0
0
0
0
0
0
0
0
0.73
0
1.663
0
0
2.483
0
0
0
0
0
0
0
0.002
0
0
0.218
0.719
0.997
0
0.008
0.358
0.513
0.435
0.32
0
0
0
0
0
0
0
0
0
0
0
0
0
0
0
0
0
0
0
0
0
2.225
0
0
0
0
0
0
0.001
0
0
0
0
0
0
0
0
0.014
0
0
0
0
0
0.004
0
0
0
0
0
0
0.089
0.307
0.014
0
0
0
0
0
0
0
0
0
0
0
0
0
0
0
0
2.616
0
0.014
0.016
0
0
0
0
0
0
0
0
0
0
0
0
0
0
0.099
0.007
0
0
0
0
0
0
0
0
0
0
0.014
0.001
0
0
0
0
0
0
0
0
0
0
0
0
0
0
0
0
2.09
0
0
0
0
0
0
0
0
0
0.002
0
0
0
0
0
0
0
0
0.015
0
0.035
0.102
0.099
0.106
0.143
0.109
0.304
0.103
0.272
0.512
0.106
0.1
0.023
0
0
0
0
0
0
0
0
0
0
0
0
0
0
0
0
0
0
0
0
0
0
0
0
0
0
0
0
0
0
0
0
0
0
0
0
0
0.075
0
0
0.233
0.149
0.125
0.123
0.11
0.127
0
0
0
0
0
0
0
0
0
0
0
0
0
0
0
1.699
2.112
0
0
0
0
0
0
0
0
0
0
0
0
0
0
0
0
0
0
0
0.025
0.062
0.01
0
0
0
0.014
0.221
2.046
0.36
0.279
0.03
0
0
0
0
0
0
0
0
0
0
0
0
0
0
0
0
0
0
0
0
0
0
0
0
0
0
0
0
0
0
0
0
0
0
0
2.663
0.33
0.397
0.224
0.161
0.163
0.156
1.712
1.038
1.472
0.168
0.343
0.063
0.027
0.027
0.028
0.028
0.027
0.027
0.027
0.025
0.023
0.023
0.023
0.023
0.028
0.035
0.025
0.027
0.022
0.031
0.043
0.024
0.026
0.659
0.543
0.026
0.026
0.025
0.024
0.024
0.024
0.025
0.025
0.024
0.031
0.009
0.003
0
0
0
0.045
0.178
2.386
0.302
0.179
0.083
0.296
0.318
0
0
0
0
0
0
0
0
0
0
0
0
0
0
0
0
0
0
0
1.419
0.606
0
0
0
0
0
0
0
0
0
0
0
0
0
0
0
0
0
0
0
0.001
0
0
0
0
0
0
0
0
0
0
0
0
0
0
0
0
0
0
0
0
0
0
0
0
0
0
0
0
0
0
0
0
0
0
0
0
0
0
0
0
0
0
0
0
0
0
0
0.002
0
0
0.008
0.009
0.166
0.541
0.128
0
0
0
0.009
0
0
0
0
0
0
0
0
0
0
0
0
0
0
0
0.005
0
0
0
0
0
0
0
0.012
0
0
0
0
0
0
0
0
0
0
0.014
0
0
0
0
0.097
0.22
0.239
0.8
0.084
0.012
0
0
0
0
0
0
0
0
0
0
0
0
0
0
0
0
0
0
0
0.003
0.002
0.678
0
0
0
0
0
0
0
0
0
0
0
0
0
0
0.006
0.078
0.018
0.102
0.31
0.306
0.542
2.573
0.142
0.604
0.114
0.023
0.019
0.019
0
0
0
0
0
0
0
0
0
0
0
0
0
0
0
0
0
0
0.006
0
0
0
0
0
0
0
0
0
0.018
0.005
0
0.064
0.002
0
0
0
0.002
0.072
0.17
0.107
0.098
0.355
0.323
0.107
0.5
0.217
0.001
0
0
0
0
0
0
0
0
0
0
0
0
0
0
0
0
0
0
1.766
0.019
0
2.386
0
0
0
0
0
0
0
0
0
0
0
0
0.001
1.304
2.317
1.147
0.031
0
0.167
0.325
0.319
0.401
0.421
0.119
0.018
0.018
0.043
1.962
0
0
0
0
0
0
0
0
0
0
0
0
0
0
0
0
0
0
0
0
0
0
0
0
0
0
0
0
0
0
0
0.041
0.037
0
0
0
0.005
0.001
0
1.09
0.295
0.379
0.307
0
0
0
0
0
0
0
0
0
0
0
0
0
0
0
0
0
0
0
0
0
0
0.014
0
0
0
0
0
0
0
0
0
0
0
0
0
0
0
0.139
0
0
0.008
0
0.016
0.687
0.331
0.098
0.358
0
0
0.048
0
0
0
0
0
0
0
0
0
0
0
0
0
0
0
0
0
0
0
0
0
0
0
0
0
0
0
0
0
0
0
0
0
0
0
0
0
0
0
0
0
0
0
0
0
0
0
0
0
0
0
0
0
0
0
0
0
0
0
0
0
0
0
0
1.695
0
0
0
0
0
0
2.249
0
0
0
0
0
0
0
0
0
0
0
0
0.019
0.023
0.014
0.013
0.013
0.025
0.025
0.012
0.013
0.06
0.023
0.047
0.014
0.014
0.012
0
0
0
0
0
0
0
0
0
0
0
0
0
0
0
0
0
0
0
0
0
0
0
0
0
0
0
0
0
0
0
0
0
0
0
0
0
0
0
0
0
0.003
0
0
0
0
0
0
0
0
0
0
0
0
0
0
0
0
0
0
0
1.995
0
0
0
0
0
0
0
0
0
0
0
0
0
0
0
0
0
0
0.095
0.254
0.254
0.208
0.029
0.022
0.013
0.013
0.013
0.013
0.012
0.012
0.012
0.013
0
0
0
0
0
0
0
0
0
0
0
0
0
0
0
0
0
0
0
0
0
0
0
0
0
0
0
0
0.053
0
0
0.001
0
0
0
0
0.017
0.016
0.023
0.744
0.56
0.422
0.474
1.96
0.29
0.228
0
0
0
0
0
0
0
0
0
0
0
0
0
0
0
0
0
0
0
0
0
0
0
0
0
0
0
0
0
0
0
0
0
0
0
0
0.004
0.046
0.152
0.255
0
0
0
0.099
0.054
0.175
0.009
0
0
0
0
0
0
0
0
0
0
0
0
0
0
0
0
0
0
0
0
0
0
2.338
0
0
0
0
0
0
0
0
0
0
0
0
0
0
0.002
0
1.777
0.287
1.993
1.422
0.705
0.3
0.298
0.3
0.067
0
0
0
0
0
0
0
0
0
0
0
0
0
0
0
0
0
0
2.196
0.041
0
0
0
0
0
0
0
0
0
0
0
0
0
0
0
0
0
0
0
0
0
0.03
0.298
1.086
1.411
1.353
0.289
0.386
0.294
0.162
0.161
0.162
0.162
0.162
0.162
0.164
0.164
0.163
0.163
0.161
0.16
0.161
0.16
0.161
0.025
0
0
2.445
0
0
0
0
0
0
0
0
0
0
0
0
0
0
0
0
0
0.088
0.002
0.036
0
0
0
0
0
0.004
0
0
2.386
0
0
0
0
0
0
0
0
0
0
0
0
0
0
0
0
0
2.083
0
0
0
0
0
0
0
0
0
0
0
0
0
0
0
0
0
0
0
0
0
0.053
0
1.069
0.297
0.294
0.39
0.356
0.299
0.324
2.308
0.444
0
0
0
0
0
0
0
0
0
0
0
0
0
0
0
0
0
0
0
0
0
0
0
0
0
0
0
0
0
0
0
0
0
0
0.006
0
0.016
0.256
1.052
0.354
0.901
0.894
1.198
1.9
1.251
1.186
0.143
0.074
0
0
0
0
0
0
0
0
0
0
0
0
0
0
0
0
0
0
0
0
0
0
0
0
0
0
0
0
0.01
0.002
0
0
0
0
0.013
0.011
0
1.795
0.058
0.01
0.009
0.009
0.01
0.01
2.448
0.014
0
0
0
0
0
0
0
0
0
0
0
0
0
0
0
0
0
0
0
0
0
0
1.155
0.411
0
0
0
0
0
0
0
0
0
0
0
0
0
0.034
0.538
1.559
1.445
0.627
0.701
0.691
0.324
0.215
0
0
0
0
0
0
0
0
0
0
0
0
0
0
0
0
0
0
0
0
0
0
0.328
0.322
0
0
0
0
0
0
0
0
0
0
0
0
0
0
0
0
0.071
0
0
0
0.015
0
0
0
0
0
0
0
0
0
0
0
0
0
0
0
0
0
0
0
0
0
0
0
0
0
0
2.169
0
0
0
0
0
0
0
0
0
0
0
0
0
0.029
0.233
0.237
0.19
0.105
0.106
0.106
0.105
0.106
0.106
0.104
0.105
0.104
0.105
0.106
0.106
0.106
0.106
0.107
0.106
0.107
0.107
0.107
0.106
0.106
0.106
0.105
0.105
0.105
0.106
0.106
0.105
0.105
0.106
0.105
0.091
0
0
0
0
0
0
0
0
0
0
0
0
0
0.143
0.104
0.117
0.134
0.142
0.283
0.233
0.206
0.207
0.21
0.191
0.217
0.11
0.133
0
0
0
0
0
0
0
0
0
0
0
0
0
0
0
0
0
1.935
0
0
0
0
0
0
0
0
0
0
0
0
0
0.002
0
0
0
0
0
0
0.008
0
0
0
0
0.001
0
0
0
0
0
0
0
0
0
0
0
0
0
0
0
0
0
0
0
1.623
0.963
0
0
0
0
0
0
0
0
0
0
0
0
0
0
0
0
0
0
0
0
0
0
0.113
0.115
0.12
0.104
0.104
0.115
0.103
0.104
0.105
0.105
0.005
0
0
0
0
0
0
0
0
0
0
0
0
0.001
2.028
0.236
0.234
0.233
0.233
0.235
0.235
0.234
0.234
0.234
0.235
0.236
0.236
0.19
0
0
0.013
2.205
0.001
0.454
0.269
1.957
0.133
0.104
0.11
0.104
0.102
0.047
0
0
0
0
0
0
0.004
0.004
0.004
0.004
0.004
0.004
0.004
0
0
0
0
0
0
0
0
0
0
0
0
0
0
0
0
0
0
0
0
0
0
0.024
0.011
0.004
0.004
0.004
0.004
0.009
0.004
0.004
0.004
0.011
0.132
0.067
0.004
0.004
0.004
0.004
0.002
0
0
0
0
0
0
0
0
0
0
0
0
0
0
0
0.009
2.507
0
0
0
0
0
0
0
0
0
0
0
0
0
0
0
0
0
0
0
0
0.003
0
0
0
0
0
0.013
0
0
0
2.569
0.02
0
0
0
0
0
0
0
0
0
0
0
0
0
0
0
0
0
0
0
0
0
0
0
0
0
0
0
0
0
0
0
0.063
0
0.002
0.001
0
0
0
0
0
0
0.001
0.213
0
0
0
0
0
0
0
0
0
0
0
0
0
0
0
0
0
0
0
1.841
0.308
0
0
0
0
0
0
0
0
0
0
0
0
0
0
0
0
0
0
0
0
0.051
0.142
0.243
0.124
0.112
0.112
0.12
0.111
0.11
0.11
0.01
0
0
0
0
0
0
0
0
0
0
0
0
0
0
0
0
0
1.891
0
0
0
0
0
0
0
0
0
0
0
0
0
0.003
0
0.001
0
0
0
0.167
0.108
0.105
0.104
0.104
0.192
0.106
0.105
0.106
0.105
0.026
0
0
0
0
0
0
0
0
0
0
0
0
0
0
0
0.001
0
0
0
0
0
0
0
0
0
0
0
0
0
0.018
0.038
0
0
0
0
0
0
0.002
0.723
1.373
0.294
0.705
1.466
1.077
0.415
0.75
0.001
0
0.002
0
0
0
0
0
0
0
0
0
0
0
0
0
0
0
0
0
0
0
0
0
0
0
0
0
0
0
0
0
0
0
0
0
0.131
0.338
0.333
0.213
0.11
0.112
0.105
0.105
0.104
0.104
0.104
0.104
0.049
0
0
0
0
0
0
0
0
0
0
0
0
0
0
0
0
0
0
0
0
0
0
0.008
0
0
0
0
0
0
0
0
0
0
0.001
0.001
0.112
0.437
0.414
0.404
0.437
0.472
0.676
0.678
0.722
0.534
0.403
0.431
0.445
0.405
0.208
0
0
0
0
0
0
0
0
0
0
0
0
0
0
0
0
0
0
0
0
0
0
0
0
0
0
0
0
0
0
0.036
0.111
0.105
0.104
0.104
0.105
0.909
2.032
0.133
0.399
0.401
0.621
0.4
0.398
0.183
0
0.015
0.004
0
0
0
0
0
0
0
0
0
0
0
0
0
0
0
0
0
0
0
0.001
0
0
0.004
0
0
0
0
0
0
0
0
0.015
0.108
0.104
0.105
0.109
0.383
0.727
2.411
2.426
0.682
1.57
1.27
0
0
0
0
0
0
0
0
0
0
0
0
0
0
0
0
0
0
0
0
0
0
0
0
0
0
0
0
0
0
0
0
0
0
0
0
0.035
0.107
0.106
0.107
0.119
0.113
0.108
0.114
0.114
0.107
0.119
0.119
0.428
0.138
0.69
0.523
0
0
0
0
0
0
0
0
0
0
0
0
0
0
0
0
0.026
0
0
0
0
0
0
0
0
0
0
0
0
0
0
0
0
0.363
0.157
0.113
0.112
0.136
0.139
0.114
0.116
0.113
0.124
0.115
0.113
0.509
0
0
0
0
0
0
0
0
0
0
0
0
0
0
0
0
0
0
0
0
0
0
0
0
0
0
0
0
0
0
0
0
0
0
0
0.041
0.35
0.281
3.98
0.125
0.107
0.106
0.107
0.113
0.239
0.104
0.105
0.104
0.105
0.11
0.003
0
0
0
0
0
0
0
0
0
0
0
0
0
0
0
0
0
0
0
0
0
0
0
0
0
0
0
0
0
0
0
0
0
1.206
0.717
1.712
1.26
1.933
0.859
1.36
2.596
2.499
2.088
1.369
0.005
0
0
0
0
0
0
0
0
0
0
0
0
0
0
0
0
0
0
0
0
0
0.004
0
0
0
0
0
0
0
0
0
0.011
0.173
0.114
3.38
0.104
0.118
0.117
2.044
0.204
0.547
0.36
0.106
0.105
0.106
0.107
0.105
0.053
0.019
0.008
0.009
0.004
0.001
0
0
0
0
0.008
0.004
0.004
0.004
0.004
0.004
0.004
0.009
0.004
0.001
0
0.041
0.026
0.014
0.297
1.463
0
0
0
0
0
0.026
3.455
0.024
0.015
0.01
0.008
0.005
0.004
0.101
0.105
0.104
0.105
0.106
0.04
0.004
0.004
0.004
0.024
0
0
0
0
0
0
0
0
0
0
0
0
0
0
0
0
0
0
0
0
0.002
2.416
0.724
0
0
0
0
0
0
0
0
0
0
0
0
0
0.11
0.207
0.106
0.11
2.148
0.682
0.475
0.405
1.117
0.4
0.469
0.295
0.078
0
0
0
0
0
0
0
0
0
0
0
0
0
0
0
0
0
0
0
0.002
0
0
0
0
0
0
0
0.086
0
0
0
0
0.07
0.105
0.104
0.161
0.134
0.103
0.107
0.105
0.107
0.115
0.404
2.558
0.39
0.355
0.015
0
0
0
0
0
0
0
0
0
0
0
0
0
0
0
0
0
0
0
0
0.019
0
0
0
0
0
0
0
0
0
0
0
0
0
0
0
0
0
0.002
0.042
0.206
0.12
0.119
0.124
0.126
0.317
0.313
0.32
0.296
0.321
0.09
0
0
0
0
0
0
0
0
0
0
0
0
0
0
0
0
0
2.204
0
0
0
0
0
0
0.001
0
0
1.232
0.551
0.009
0
0
0.017
0.177
2.115
0.598
0.396
0.355
0.363
0.227
0.115
0.114
0.115
0.115
0.114
